# source http://cdsarc.u-strasbg.fr/viz-bin/qcat?J/A+A/578/A110#sRM-F.62
# PairID, IDinpair, RAdeg, DECdeg, z
   1 1 146.29984  -0.12000 0.03070
   1 2 146.35577  -0.14337 0.03074
   2 1 148.97949  -0.19028 0.02095
   2 2 149.09021  -0.25143 0.02140
   3 1 130.45488  50.78642 0.05439
   3 2 130.41447  50.78843 0.05434
   4 1 152.77184   1.22408 0.03315
   4 2 152.77502   1.22543 0.03308
   5 1 150.46953   3.01132 0.04409
   5 2 150.42798   3.00499 0.04407
   6 1 165.31924   3.56292 0.03959
   6 2 165.39044   3.62927 0.03913
   7 1 234.18839  -0.82555 0.03769
   7 2 234.09445  -0.75367 0.03763
   8 1 166.44983  -0.88605 0.04576
   8 2 166.40683  -0.84816 0.04616
   9 1 166.88168   0.78311 0.03947
   9 2 166.95514   0.74438 0.03907
  10 1 216.84370   3.57650 0.03426
  10 2 216.94078   3.57275 0.03443
  11 1 214.11528   4.96137 0.05752
  11 2 214.13596   4.95466 0.05762
  12 1 152.28516  62.39300 0.05257
  12 2 152.22504  62.40221 0.05306
  13 1 202.63229  -0.60333 0.05424
  13 2 202.63329  -0.60383 0.05416
  14 1 222.54306   1.38348 0.04421
  14 2 222.56126   1.39238 0.04440
  15 1 163.02826  -0.56079 0.01847
  15 2 163.33650  -0.60639 0.01850
  16 1 164.52493   0.41215 0.02595
  16 2 164.38809   0.43778 0.02608
  17 1 115.85580  37.94538 0.04644
  17 2 115.85791  37.90681 0.04645
  18 1 116.32951  38.57980 0.03639
  18 2 116.19583  38.69862 0.03622
  19 1 117.41248  42.96706 0.03072
  19 2 117.45258  42.96692 0.03106
  20 1 117.04338  41.88949 0.04085
  20 2 116.88280  41.91230 0.04117
  21 1 200.22772  -0.94119 0.04783
  21 2 200.24373  -0.89593 0.04816
  22 1 182.47688  -0.91817 0.07915
  22 2 182.49745  -0.89696 0.07946
  23 1 182.64824  -0.17150 0.05039
  23 2 182.67624  -0.15893 0.05031
  24 1 190.22348   1.00836 0.02291
  24 2 190.23911   0.98723 0.02313
  25 1 171.24675  64.31398 0.04692
  25 2 171.48494  64.33144 0.04716
  26 1 135.11252  53.06594 0.07178
  26 2 135.15518  53.04673 0.07178
  27 1 136.38133  56.02385 0.02545
  27 2 136.31006  56.08897 0.02532
  28 1 220.40767  62.33820 0.03166
  28 2 220.25502  62.40200 0.03155
  29 1 246.72791  47.43396 0.03262
  29 2 246.79654  47.50172 0.03271
  30 1 210.66769  65.01020 0.03453
  30 2 210.67465  65.09902 0.03454
  31 1 241.77797  52.13324 0.03373
  31 2 241.64522  52.16489 0.03393
  32 1 244.11453  52.20482 0.04754
  32 2 244.13025  52.18834 0.04734
  33 1 196.50647  -0.99777 0.02265
  33 2 196.34512  -0.92707 0.02272
  34 1 197.66844  -0.49223 0.06327
  34 2 197.64108  -0.50366 0.06373
  35 1 135.85724  50.91713 0.03595
  35 2 135.86333  50.86696 0.03575
  36 1 203.46307  -1.23276 0.04718
  36 2 203.45787  -1.24113 0.04759
  37 1 211.35526  -0.81134 0.04918
  37 2 211.35071  -0.79291 0.04923
  38 1 154.63553  -0.99233 0.04931
  38 2 154.63702  -0.90919 0.04948
  39 1 217.54543  -1.04102 0.03022
  39 2 217.54752  -1.04152 0.02986
  40 1  19.69105  14.99325 0.02292
  40 2  19.69371  14.98966 0.02275
  41 1 227.20686   0.17807 0.05399
  41 2 227.28676   0.25347 0.05402
  42 1 226.16757   0.60452 0.04017
  42 2 226.13846   0.61678 0.04041
  43 1 187.29918  68.00540 0.03845
  43 2 187.35912  67.86263 0.03890
  44 1 169.41788  65.74996 0.05363
  44 2 169.36612  65.73980 0.05373
  45 1 178.12740  66.38644 0.04587
  45 2 178.17371  66.30757 0.04597
  46 1 183.05919  67.04914 0.05902
  46 2 183.03273  67.02731 0.05889
  47 1 112.93354  38.33655 0.05267
  47 2 112.87923  38.38676 0.05279
  48 1  54.15416  -6.75830 0.07764
  48 2  54.07714  -6.76304 0.07777
  49 1  46.62694  -6.86184 0.03631
  49 2  46.53163  -6.73503 0.03641
  50 1 124.35053  51.73206 0.04255
  50 2 124.39604  51.76435 0.04226
  51 1 239.59987  54.93108 0.03805
  51 2 239.59279  54.84332 0.03784
  52 1 125.28120  46.84876 0.03950
  52 2 125.34243  46.74373 0.03973
  53 1 123.32154  46.37236 0.00756
  53 2 122.78463  46.46565 0.00759
  54 1 127.28370  50.11279 0.04335
  54 2 127.30283  50.11454 0.04321
  55 1 123.96029  47.81100 0.04022
  55 2 124.02682  47.81607 0.04015
  56 1 124.64568  50.64545 0.04277
  56 2 124.56335  50.67071 0.04283
  57 1 222.08932  -0.80754 0.05623
  57 2 222.04453  -0.81648 0.05591
  58 1 221.01456   0.00002 0.03387
  58 2 221.02727  -0.00589 0.03429
  59 1 231.15054  54.74792 0.02937
  59 2 231.14050  54.69156 0.02965
  60 1 230.32278  56.92690 0.05099
  60 2 230.39116  56.89814 0.05122
  61 1 193.79333  -2.16114 0.05143
  61 2 193.86526  -2.20688 0.05170
  62 1 195.22708  -1.34665 0.02274
  62 2 195.20482  -1.36011 0.02275
  63 1 193.56825  -2.03455 0.01648
  63 2 193.37213  -1.74203 0.01643
  64 1 147.73431  62.18570 0.02456
  64 2 148.17542  62.28087 0.02443
  65 1 160.06480  65.49197 0.03391
  65 2 160.34311  65.39489 0.03403
  66 1 164.31667  66.75301 0.03782
  66 2 164.14070  66.61528 0.03815
  67 1 162.20374  66.61014 0.04167
  67 2 162.26457  66.57311 0.04213
  68 1 204.19972   1.15392 0.04706
  68 2 204.21863   1.18821 0.04695
  69 1 159.52148   1.74511 0.03466
  69 2 159.53658   1.78723 0.03516
  70 1 157.69835   1.48388 0.05101
  70 2 157.67906   1.40163 0.05077
  71 1 234.15553  55.05769 0.03990
  71 2 234.03622  55.09938 0.03954
  72 1 237.62035  55.01802 0.04148
  72 2 237.63463  54.95165 0.04160
  73 1 189.77612  -2.50821 0.02325
  73 2 189.77132  -2.48356 0.02299
  74 1 187.98927  -2.86640 0.02435
  74 2 188.04163  -3.03758 0.02417
  75 1 224.44359  59.34241 0.03919
  75 2 224.37025  59.29560 0.03954
  76 1 248.29536  -0.21327 0.02517
  76 2 248.27534  -0.18906 0.02557
  77 1 121.30779  46.33166 0.02909
  77 2 121.35712  46.28740 0.02890
  78 1 259.21936  57.46362 0.05005
  78 2 259.03262  57.52291 0.04986
  79 1 126.55972  48.28012 0.05375
  79 2 126.40179  48.25409 0.05377
  80 1 132.83058  53.93639 0.02805
  80 2 132.89220  54.02814 0.02836
  81 1 129.86823  52.25101 0.04433
  81 2 129.93770  52.17054 0.04401
  82 1 135.05695  53.91798 0.02536
  82 2 135.09558  53.94483 0.02518
  83 1 133.64554  57.16671 0.01687
  83 2 133.77872  56.82737 0.01655
  84 1 184.70850  64.35281 0.03078
  84 2 185.09200  64.30709 0.03094
  85 1 169.07796  64.23710 0.05086
  85 2 169.14558  64.23906 0.05097
  86 1 171.71959  64.84410 0.03732
  86 2 171.83656  64.96337 0.03750
  87 1 166.42117   5.70652 0.05013
  87 2 166.38454   5.70760 0.04994
  88 1 167.70222   2.40464 0.06590
  88 2 167.69659   2.40027 0.06557
  89 1 159.63095  58.78543 0.03116
  89 2 159.58456  58.81000 0.03162
  90 1 127.62593  42.80906 0.04544
  90 2 127.62656  42.80507 0.04541
  91 1 259.63177  30.87839 0.04493
  91 2 259.69763  30.93199 0.04535
  92 1 223.62166   2.28772 0.03413
  92 2 223.71382   2.40066 0.03409
  93 1 248.59451  48.06199 0.03531
  93 2 248.46785  47.99530 0.03479
  94 1 251.83946  44.70271 0.02540
  94 2 251.71558  44.88761 0.02556
  95 1 201.56987  58.68328 0.02314
  95 2 201.64026  58.68065 0.02332
  96 1 195.52670  59.72115 0.02729
  96 2 195.26404  59.76728 0.02712
  97 1 141.25220  54.09120 0.03215
  97 2 141.28670  54.06220 0.03223
  98 1 165.13596   3.00140 0.05313
  98 2 165.13800   3.01490 0.05358
  99 1 122.52740  38.01709 0.04042
  99 2 122.57264  38.07739 0.04094
 100 1 234.46521   3.45370 0.04388
 100 2 234.51080   3.44117 0.04417
 101 1 133.28981   2.24642 0.03524
 101 2 133.31943   2.24301 0.03473
 102 1 162.99179   3.79207 0.01210
 102 2 163.00107   3.83584 0.01199
 103 1 164.56775   4.58358 0.02202
 103 2 164.62825   4.63101 0.02217
 104 1 197.64557   2.75739 0.06729
 104 2 197.64977   2.75460 0.06772
 105 1 225.09641   3.86117 0.03637
 105 2 225.03986   3.86671 0.03661
 106 1 226.76257   3.89450 0.05588
 106 2 226.82483   3.89540 0.05571
 107 1 229.74483   3.00729 0.04263
 107 2 229.77428   3.02222 0.04253
 108 1 207.64087   2.23220 0.04219
 108 2 207.74681   2.25613 0.04166
 109 1 153.47322  -0.31887 0.07103
 109 2 153.41948  -0.26714 0.07066
 110 1 155.37209   0.15515 0.05655
 110 2 155.39168   0.07430 0.05704
 111 1  20.01159  14.36186 0.03120
 111 2  20.02647  14.35910 0.03149
 112 1 124.10468  43.97184 0.02006
 112 2 123.84315  44.06449 0.02030
 113 1 121.27240  40.17457 0.05010
 113 2 121.33477  40.08134 0.04977
 114 1 314.60724  -5.81284 0.02780
 114 2 314.61423  -5.82016 0.02813
 115 1 310.09265  -4.83333 0.06074
 115 2 310.09100  -4.89351 0.06096
 116 1 118.60367  39.37152 0.01985
 116 2 118.86887  39.42020 0.01985
 117 1 125.82095  45.89687 0.05373
 117 2 125.78506  45.85656 0.05394
 118 1 144.14735   1.11661 0.01643
 118 2 144.11128   1.19146 0.01629
 119 1 146.69812   2.16840 0.05795
 119 2 146.71889   2.20346 0.05833
 120 1 146.04329   2.41031 0.01994
 120 2 146.22548   2.46548 0.01994
 121 1 316.01703   9.91761 0.03379
 121 2 316.06061   9.85334 0.03402
 122 1 317.82291  10.48257 0.05885
 122 2 317.80829  10.49963 0.05872
 123 1 187.40202   3.44153 0.07869
 123 2 187.37764   3.49516 0.07831
 124 1  26.10923  13.15987 0.04498
 124 2  26.13050  13.05930 0.04538
 125 1 154.65547   3.26360 0.01444
 125 2 154.73141   3.66017 0.01439
 126 1 148.58925   4.09197 0.03430
 126 2 148.54680   3.92402 0.03435
 127 1 152.92784   4.81736 0.02869
 127 2 152.94870   4.82684 0.02897
 128 1 154.22711   3.76639 0.05243
 128 2 154.20016   3.78145 0.05229
 129 1 345.11932 -10.37935 0.03235
 129 2 345.20297 -10.44260 0.03256
 130 1 156.96178   2.60944 0.02847
 130 2 157.00244   2.57061 0.02852
 131 1 156.86752   2.91265 0.03291
 131 2 156.82094   3.02684 0.03322
 132 1 157.07698   4.00727 0.04424
 132 2 156.97385   3.97546 0.04374
 133 1 163.57387   5.66820 0.05489
 133 2 163.57658   5.66217 0.05486
 134 1 261.55725  62.14949 0.02783
 134 2 261.58826  62.14110 0.02808
 135 1 149.91473   0.58671 0.06551
 135 2 149.88693   0.58595 0.06516
 136 1   5.13606  15.34736 0.04031
 136 2   5.21394  15.42025 0.04039
 137 1 152.46336   3.54735 0.03201
 137 2 152.53157   3.52514 0.03199
 138 1 157.90785   3.76603 0.04559
 138 2 157.96178   3.76466 0.04583
 139 1 155.60170   3.99735 0.02286
 139 2 155.58585   3.96161 0.02318
 140 1 156.11974   4.67976 0.04520
 140 2 156.08655   4.67894 0.04536
 141 1 180.81802   1.63546 0.04772
 141 2 180.83214   1.67292 0.04757
 142 1 181.16438   1.76920 0.07796
 142 2 181.13026   1.71198 0.07795
 143 1 187.24352   2.19087 0.07780
 143 2 187.30602   2.21493 0.07728
 144 1 180.49304   3.33672 0.04507
 144 2 180.38586   3.29544 0.04500
 145 1 337.66754  -8.52938 0.05571
 145 2 337.62537  -8.53750 0.05616
 146 1 349.24170 -10.49948 0.04203
 146 2 349.28024 -10.49149 0.04190
 147 1 133.22913   3.15233 0.03454
 147 2 133.20653   3.13998 0.03475
 148 1 131.66885   2.40802 0.01325
 148 2 131.65459   2.82703 0.01321
 149 1 147.51562  54.48483 0.03176
 149 2 147.57854  54.46887 0.03172
 150 1 251.27954  42.14023 0.05880
 150 2 251.36288  42.07935 0.05884
 151 1 251.02167  43.00880 0.02793
 151 2 251.00429  42.87571 0.02777
 152 1 166.36690   2.56212 0.03640
 152 2 166.30042   2.45703 0.03646
 153 1 162.91888   3.21950 0.05652
 153 2 162.92946   3.21136 0.05677
 154 1  12.19591  15.70894 0.07427
 154 2  12.17308  15.68640 0.07450
 155 1 216.40871   1.60043 0.03858
 155 2 216.34631   1.72466 0.03903
 156 1 218.20944   1.54248 0.02707
 156 2 218.06604   1.45705 0.02744
 157 1 211.53917   2.33117 0.02470
 157 2 211.50932   2.35639 0.02467
 158 1  10.12107 -10.30550 0.02702
 158 2  10.04397 -10.44061 0.02720
 159 1 123.00310  39.01253 0.04120
 159 2 123.06007  39.04871 0.04070
 160 1 121.92536  39.81715 0.06842
 160 2 121.92594  39.81152 0.06861
 161 1 234.80873   1.19490 0.03094
 161 2 234.77826   1.22271 0.03087
 162 1 235.79428   1.32884 0.03976
 162 2 235.76410   1.32030 0.03975
 163 1 236.07170   2.11186 0.03315
 163 2 236.09174   2.04697 0.03316
 164 1 235.59117   2.46747 0.03178
 164 2 235.71608   2.40859 0.03201
 165 1 177.62814  65.74100 0.05479
 165 2 177.56737  65.64240 0.05503
 166 1 182.44714  58.84919 0.00633
 166 2 182.24469  58.79212 0.00644
 167 1 209.09059   4.60169 0.03380
 167 2 209.09174   4.61963 0.03387
 168 1 208.62035   5.44338 0.05219
 168 2 208.62805   5.46248 0.05216
 169 1 166.14445   4.58765 0.02916
 169 2 166.22296   4.55531 0.02873
 170 1 133.64240  50.76559 0.04440
 170 2 133.58954  50.79462 0.04424
 171 1 232.20355   4.27899 0.04204
 171 2 232.24728   4.32299 0.04235
 172 1 141.58295  50.57089 0.04763
 172 2 141.53909  50.59436 0.04786
 173 1 146.99348  54.01472 0.02490
 173 2 147.09494  54.00760 0.02510
 174 1 139.73988  51.37065 0.01379
 174 2 139.74937  51.32339 0.01375
 175 1 153.96875   0.08833 0.07160
 175 2 153.98044   0.02281 0.07137
 176 1 232.64127  -1.23976 0.07746
 176 2 232.64001  -1.29786 0.07709
 177 1 245.10054  46.28337 0.01956
 177 2 245.04893  46.33795 0.01920
 178 1 257.99210  33.95702 0.03848
 178 2 258.02805  33.96173 0.03892
 179 1 157.98395  59.98191 0.05069
 179 2 157.82672  59.92262 0.05087
 180 1 257.55304  30.30821 0.03070
 180 2 257.49203  30.26019 0.03119
 181 1 258.05688  30.16784 0.03053
 181 2 258.14362  30.09059 0.03076
 182 1 259.72269  30.19339 0.01483
 182 2 259.70511  30.17040 0.01477
 183 1 222.56001   6.50809 0.04396
 183 2 222.61505   6.62037 0.04409
 184 1 224.24568  -2.11446 0.02311
 184 2 224.13812  -2.10641 0.02313
 185 1 225.73087  -2.18634 0.03661
 185 2 225.78922  -2.20479 0.03642
 186 1 217.93073  -1.23882 0.03634
 186 2 218.06242  -1.17295 0.03608
 187 1 222.60046   4.61537 0.04681
 187 2 222.55424   4.52766 0.04684
 188 1 170.36366   1.53113 0.04809
 188 2 170.35196   1.64009 0.04814
 189 1 205.05206  61.38424 0.03599
 189 2 205.15311  61.38233 0.03557
 190 1 204.22038  60.79601 0.03108
 190 2 204.32121  60.84076 0.03126
 191 1 212.61986  59.25970 0.04257
 191 2 212.55429  59.25652 0.04283
 192 1 211.25345  60.39208 0.03596
 192 2 211.32578  60.43171 0.03588
 193 1 168.30534  55.55581 0.04928
 193 2 168.23030  55.49131 0.04976
 194 1 118.55187  36.65658 0.02816
 194 2 118.51504  36.66343 0.02802
 195 1 137.02414  49.91084 0.05178
 195 2 137.02002  49.87750 0.05186
 196 1 174.36876   4.18916 0.07529
 196 2 174.33556   4.20089 0.07494
 197 1   6.12988  -0.92287 0.03343
 197 2   6.20134  -0.94389 0.03331
 198 1   4.22883  -0.08822 0.03289
 198 2   4.28096  -0.14172 0.03310
 199 1   8.78563  -0.13369 0.03022
 199 2   8.92134  -0.20381 0.03018
 200 1 198.53439  62.20943 0.03688
 200 2 198.64259  62.13165 0.03664
 201 1 198.69026  62.06598 0.04572
 201 2 198.67055  62.03771 0.04563
 202 1 198.30844  61.04837 0.04289
 202 2 198.30205  60.98164 0.04300
 203 1 194.29094  62.32508 0.03702
 203 2 194.14951  62.35255 0.03684
 204 1 205.84941  60.94273 0.07365
 204 2 205.92729  60.94664 0.07328
 205 1 206.10014  58.76091 0.04069
 205 2 206.12570  58.85714 0.04066
 206 1 200.77553   5.84288 0.05548
 206 2 200.81192   5.81605 0.05531
 207 1   4.67786  15.19517 0.03716
 207 2   4.75128  15.11972 0.03684
 208 1 138.30576   3.23050 0.01265
 208 2 138.17876   3.66116 0.01258
 209 1 146.66226   4.31377 0.06644
 209 2 146.58389   4.29221 0.06648
 210 1 223.74927  62.27594 0.02171
 210 2 223.91139  62.31750 0.02153
 211 1 234.70380  49.56833 0.03761
 211 2 234.73610  49.62477 0.03776
 212 1 116.83570  29.41293 0.06254
 212 2 116.89387  29.39906 0.06218
 213 1 189.12056  52.39294 0.04626
 213 2 189.16214  52.39469 0.04643
 214 1 120.33140  29.17938 0.04114
 214 2 120.26492  29.30758 0.04141
 215 1 123.93774  31.56195 0.03964
 215 2 123.90005  31.44627 0.03960
 216 1 164.11017  60.69213 0.02952
 216 2 163.98569  60.65468 0.02982
 217 1 174.91705  62.60099 0.03277
 217 2 174.83998  62.57548 0.03296
 218 1 172.47015   4.13518 0.06769
 218 2 172.50044   4.13883 0.06805
 219 1 168.47182   4.80173 0.02062
 219 2 168.57513   4.70981 0.02064
 220 1 181.56129  61.90726 0.03280
 220 2 181.39265  61.92265 0.03301
 221 1 182.41539  62.85505 0.04436
 221 2 182.37267  62.87796 0.04408
 222 1 184.43198  62.63253 0.04377
 222 2 184.50790  62.65123 0.04413
 223 1 195.77464   3.99189 0.00955
 223 2 195.70483   3.97675 0.00955
 224 1 197.58327   4.30023 0.06667
 224 2 197.62125   4.37145 0.06675
 225 1 194.58815   4.88565 0.03617
 225 2 194.54785   4.90807 0.03575
 226 1 196.31357   4.87618 0.04412
 226 2 196.31256   4.87426 0.04409
 227 1 196.31345   5.21573 0.04345
 227 2 196.39850   5.19678 0.04380
 228 1 190.26083   5.69585 0.04874
 228 2 190.21231   5.60844 0.04862
 229 1 189.13435   6.16961 0.03951
 229 2 189.25409   6.10955 0.03956
 230 1   8.74156  -9.34220 0.02316
 230 2   8.76212  -9.36843 0.02299
 231 1   9.95159  -9.14294 0.03748
 231 2   9.81751  -9.07272 0.03728
 232 1  14.44336  -9.21893 0.02570
 232 2  14.43197  -9.11234 0.02565
 233 1 172.77614   3.13067 0.02866
 233 2 172.80330   3.25974 0.02894
 234 1 163.02559   3.37229 0.03552
 234 2 163.00766   3.45402 0.03555
 235 1 206.63391  64.39030 0.02418
 235 2 206.66283  64.40586 0.02395
 236 1 139.64766  44.59690 0.01421
 236 2 139.99725  44.62206 0.01413
 237 1 141.18077  48.28677 0.02641
 237 2 141.17957  48.23960 0.02645
 238 1 141.15720  49.35707 0.01626
 238 2 141.19025  49.44482 0.01637
 239 1 224.03514   3.78821 0.03436
 239 2 224.01242   3.79827 0.03390
 240 1 209.60521  59.14873 0.05151
 240 2 209.58664  59.20575 0.05181
 241 1  23.68908  -0.99488 0.04435
 241 2  23.70312  -1.02126 0.04479
 242 1 180.32953  56.57017 0.04139
 242 2 180.09789  56.61919 0.04106
 243 1 178.43130  57.66433 0.03414
 243 2 178.45435  57.66515 0.03447
 244 1 180.44576  58.11983 0.04097
 244 2 180.46017  58.09805 0.04071
 245 1 122.77895  36.59870 0.02149
 245 2 122.73383  36.82933 0.02141
 246 1 117.11645  30.06909 0.06265
 246 2 117.11481  30.03196 0.06256
 247 1 173.08078  55.92277 0.02072
 247 2 173.07834  55.92802 0.02095
 248 1 174.24681  56.59351 0.05076
 248 2 174.29034  56.48912 0.05117
 249 1 173.09334  57.25487 0.02875
 249 2 173.09232  57.26788 0.02836
 250 1 170.52768  57.91259 0.01059
 250 2 170.68608  57.44142 0.01034
 251 1 158.72397  60.69115 0.05041
 251 2 158.65166  60.66083 0.05033
 252 1 341.09543  -9.01943 0.06455
 252 2 341.02573  -9.02702 0.06505
 253 1 172.13922  58.56284 0.01046
 253 2 172.12833  58.56186 0.00999
 254 1 164.74159  58.13369 0.03192
 254 2 164.78308  58.09318 0.03220
 255 1 170.53835  59.65821 0.05971
 255 2 170.65498  59.58178 0.05983
 256 1 246.76065  43.47610 0.04623
 256 2 246.77930  43.43645 0.04637
 257 1 184.40771  51.81918 0.04225
 257 2 184.42108  51.90028 0.04197
 258 1 185.14841  52.25762 0.02829
 258 2 185.32640  52.20100 0.02860
 259 1 232.12579   5.18592 0.03315
 259 2 232.10008   5.26218 0.03306
 260 1 229.95494   5.79676 0.04127
 260 2 229.93539   5.74558 0.04150
 261 1 120.54278  35.66725 0.04452
 261 2 120.63255  35.67414 0.04483
 262 1 120.71150  35.77355 0.04051
 262 2 120.63413  35.86435 0.04024
 263 1 115.17767  23.62623 0.02449
 263 2 115.25465  23.73583 0.02464
 264 1 178.37027  59.69909 0.03490
 264 2 178.29030  59.75174 0.03497
 265 1 325.96378  -0.32141 0.02674
 265 2 325.91156  -0.35450 0.02657
 266 1 185.81847  57.48425 0.03267
 266 2 185.83969  57.60474 0.03229
 267 1 139.88797   5.88276 0.03382
 267 2 139.94189   5.80897 0.03380
 268 1 141.00456   5.20940 0.02794
 268 2 140.98276   5.18500 0.02767
 269 1 229.86203  -0.92389 0.02962
 269 2 229.85687  -0.90521 0.02975
 270 1 169.53523  54.84122 0.00632
 270 2 170.87070  54.33746 0.00596
 271 1 214.23657  45.64328 0.04101
 271 2 214.16815  45.61787 0.04135
 272 1 214.27554  45.61708 0.07197
 272 2 214.30141  45.56607 0.07203
 273 1 355.49066  15.23537 0.02561
 273 2 355.48172  15.22944 0.02529
 274 1 225.67578   6.17283 0.03633
 274 2 225.71895   6.09419 0.03600
 275 1 349.60583  14.93854 0.05003
 275 2 349.59027  14.93504 0.05014
 276 1 184.07809   9.74702 0.04726
 276 2 184.14798   9.67859 0.04695
 277 1 182.90210  60.06260 0.06302
 277 2 182.83054  59.97658 0.06300
 278 1 167.73697  53.38777 0.00950
 278 2 168.46022  53.08641 0.00954
 279 1 262.00592  57.52183 0.01116
 279 2 261.54932  57.16937 0.01128
 280 1 217.70529  -2.07814 0.03388
 280 2 217.68166  -2.03681 0.03391
 281 1 179.14423  53.97424 0.05185
 281 2 179.03998  54.01932 0.05192
 282 1 175.79268  54.20096 0.07570
 282 2 175.78575  54.19743 0.07592
 283 1 182.97786  58.63706 0.03258
 283 2 182.77745  58.52036 0.03307
 284 1 119.97742  24.41043 0.06105
 284 2 119.97704  24.41633 0.06088
 285 1 119.82165  24.45205 0.01945
 285 2 119.95401  24.30301 0.01924
 286 1 228.29666  38.48878 0.03876
 286 2 228.28987  38.51494 0.03926
 287 1 164.19276   6.85318 0.05232
 287 2 164.09599   6.91012 0.05263
 288 1 167.85284   7.00992 0.04053
 288 2 167.82501   6.94711 0.04030
 289 1   1.09099   1.08917 0.06102
 289 2   1.05771   1.00118 0.06070
 290 1 186.29994  54.50618 0.00841
 290 2 186.17752  54.74485 0.00832
 291 1 164.65652   9.05045 0.00875
 291 2 164.39244   9.21482 0.00895
 292 1 168.48140   9.64281 0.04122
 292 2 168.45451   9.63215 0.04093
 293 1 164.77945  10.01250 0.06828
 293 2 164.79387  10.02153 0.06806
 294 1 171.81242  10.32236 0.05368
 294 2 171.82249  10.37277 0.05340
 295 1 172.18047  10.12729 0.05413
 295 2 172.19449  10.09846 0.05391
 296 1 157.93767  46.67170 0.02476
 296 2 157.90578  46.66175 0.02495
 297 1 170.23141   7.19753 0.03706
 297 2 170.33545   7.18831 0.03706
 298 1 171.90649   8.08430 0.06395
 298 2 171.92239   8.08443 0.06387
 299 1 173.01544   8.42503 0.04126
 299 2 172.99074   8.32817 0.04134
 300 1 156.00734  44.84175 0.02943
 300 2 155.99387  44.82576 0.02960
 301 1 179.27019  52.81768 0.03560
 301 2 179.35759  52.87645 0.03550
 302 1 184.28349  51.99877 0.04708
 302 2 184.16006  51.90974 0.04708
 303 1 133.97162   4.37502 0.03394
 303 2 133.93909   4.35344 0.03399
 304 1 132.79707   5.07195 0.02840
 304 2 132.84225   5.04640 0.02828
 305 1 132.09662   4.38761 0.03549
 305 2 132.03241   4.40038 0.03551
 306 1 136.29930   4.89271 0.05799
 306 2 136.25578   4.90675 0.05787
 307 1  37.71356   0.78874 0.07066
 307 2  37.67856   0.75862 0.07049
 308 1  41.86672   0.65194 0.04466
 308 2  41.99654   0.62480 0.04485
 309 1 127.28209  38.23829 0.04102
 309 2 127.33972  38.19331 0.04094
 310 1 151.95792  55.39600 0.04736
 310 2 151.98392  55.33194 0.04749
 311 1 169.61366  57.58860 0.04623
 311 2 169.66023  57.62460 0.04606
 312 1 169.93965  57.84574 0.04426
 312 2 169.68787  57.82466 0.04446
 313 1 161.15929  56.36967 0.02405
 313 2 160.95512  56.28130 0.02403
 314 1 196.34555   4.64538 0.04686
 314 2 196.33701   4.64119 0.04712
 315 1 256.10272  33.37589 0.02964
 315 2 256.23080  33.37335 0.02964
 316 1 257.40173  34.11074 0.03540
 316 2 257.52637  34.12149 0.03573
 317 1 255.38568  33.05224 0.06204
 317 2 255.42166  33.08409 0.06213
 318 1 135.80759  41.83449 0.04017
 318 2 135.89406  41.71012 0.04052
 319 1 129.58395  32.94443 0.03142
 319 2 129.63400  32.93780 0.03127
 320 1 177.67653  10.52136 0.03463
 320 2 177.70972  10.47623 0.03482
 321 1 134.02467  37.79641 0.04269
 321 2 134.06323  37.75583 0.04229
 322 1 134.28299  38.13615 0.04221
 322 2 134.30063  38.17604 0.04198
 323 1 156.19412  48.43980 0.02526
 323 2 156.18208  48.41101 0.02513
 324 1 155.22365  48.52342 0.05315
 324 2 155.21631  48.51941 0.05291
 325 1 136.71411  37.64287 0.02832
 325 2 136.80475  37.71642 0.02847
 326 1 137.66533  38.64016 0.04702
 326 2 137.67326  38.62127 0.04746
 327 1 134.63768  37.08651 0.04288
 327 2 134.64154  37.09024 0.04295
 328 1 134.63939  37.14957 0.05848
 328 2 134.65450  37.06759 0.05844
 329 1 135.03191  37.41188 0.06053
 329 2 135.03398  37.41673 0.06091
 330 1 250.20102  36.96050 0.06337
 330 2 250.14523  36.92945 0.06296
 331 1   6.98997  -0.06128 0.04608
 331 2   6.90948  -0.09039 0.04605
 332 1 164.95726  49.56791 0.03242
 332 2 164.75177  49.56923 0.03242
 333 1 348.66306  -9.43886 0.03244
 333 2 348.67651  -9.46270 0.03241
 334 1 194.32274  59.06733 0.02227
 334 2 194.45601  59.05055 0.02221
 335 1 197.37901  60.10264 0.02831
 335 2 197.23164  60.24385 0.02815
 336 1 202.54578  59.99539 0.02917
 336 2 202.58264  59.99732 0.02871
 337 1 129.73347  43.43121 0.05447
 337 2 129.75121  43.38904 0.05465
 338 1 148.99559   6.56624 0.06212
 338 2 148.97781   6.51538 0.06255
 339 1 144.47670   6.65362 0.07202
 339 2 144.46248   6.62182 0.07234
 340 1 151.07120   6.13966 0.04022
 340 2 151.06650   6.14122 0.04034
 341 1 152.92519   6.24721 0.06372
 341 2 152.97031   6.26249 0.06392
 342 1 150.46796  44.47742 0.03314
 342 2 150.45880  44.57375 0.03307
 343 1 148.84167  44.44053 0.02646
 343 2 148.85547  44.41448 0.02624
 344 1 150.19792  44.85112 0.02799
 344 2 150.22844  44.76479 0.02786
 345 1 158.06773  53.64508 0.04659
 345 2 158.06590  53.62482 0.04617
 346 1 158.28212  53.72141 0.06226
 346 2 158.15971  53.70704 0.06197
 347 1 154.08487  54.47974 0.02509
 347 2 154.02216  54.46284 0.02514
 348 1 118.50495  29.42070 0.03604
 348 2 118.59043  29.38178 0.03619
 349 1 117.48089  29.72821 0.05441
 349 2 117.44226  29.68007 0.05453
 350 1 146.99908  51.87743 0.04739
 350 2 147.03960  51.89445 0.04785
 351 1 240.69461  51.87327 0.04931
 351 2 240.66312  51.84562 0.04890
 352 1 220.18335  56.89524 0.04067
 352 2 220.22723  56.87982 0.04076
 353 1 220.92723  56.73725 0.04320
 353 2 220.90646  56.77268 0.04282
 354 1 221.89124  56.23772 0.05444
 354 2 221.91187  56.25597 0.05496
 355 1 217.34763  45.07203 0.02778
 355 2 217.34016  45.09768 0.02788
 356 1 125.73875  38.70373 0.07235
 356 2 125.68929  38.68850 0.07255
 357 1 126.47466  39.18602 0.02734
 357 2 126.22139  39.11087 0.02738
 358 1 126.60756  39.61009 0.04066
 358 2 126.47470  39.66751 0.04075
 359 1 130.89784  41.30838 0.06844
 359 2 130.81577  41.30602 0.06806
 360 1 130.67311  42.81317 0.03265
 360 2 130.74623  42.84694 0.03251
 361 1 134.09650  45.15464 0.05313
 361 2 134.13483  45.16659 0.05316
 362 1 179.11156  50.11460 0.05007
 362 2 179.03290  50.09161 0.04977
 363 1 229.09959  50.77954 0.03040
 363 2 228.89996  50.74153 0.03032
 364 1 245.50111  38.99501 0.06400
 364 2 245.41772  39.01809 0.06422
 365 1 234.85059  48.14372 0.07050
 365 2 234.81131  48.08816 0.07081
 366 1 121.07971  33.02668 0.03958
 366 2 121.11493  33.14346 0.03918
 367 1 126.37647  37.50028 0.01277
 367 2 125.83893  37.67033 0.01285
 368 1 210.36687  46.42002 0.04040
 368 2 210.27313  46.49205 0.04031
 369 1 212.28105  46.78611 0.01306
 369 2 212.27690  47.00956 0.01285
 370 1 214.32640  46.69824 0.03789
 370 2 214.48238  46.63890 0.03791
 371 1 177.16263  47.63570 0.03731
 371 2 177.33371  47.63042 0.03736
 372 1 131.75946  55.65570 0.04228
 372 2 131.70581  55.52932 0.04261
 373 1 178.31593  47.33553 0.04729
 373 2 178.38983  47.31867 0.04733
 374 1 176.22681  53.96215 0.06207
 374 2 176.19626  53.91708 0.06236
 375 1 175.58362  54.79168 0.04629
 375 2 175.55583  54.79620 0.04603
 376 1 121.99061  26.02935 0.01414
 376 2 121.67882  26.16152 0.01402
 377 1 145.29741  39.01249 0.04561
 377 2 145.29564  39.00491 0.04571
 378 1 149.59869  37.98977 0.05016
 378 2 149.51019  37.93390 0.04969
 379 1 143.04276  36.82714 0.05296
 379 2 143.02263  36.83819 0.05344
 380 1 144.89589  37.52186 0.04995
 380 2 144.93532  37.49538 0.05008
 381 1 138.28139   6.82150 0.05645
 381 2 138.29366   6.79132 0.05652
 382 1 150.58327  10.44087 0.06014
 382 2 150.57234  10.42473 0.05991
 383 1 151.13889  10.41373 0.03083
 383 2 151.14577  10.40757 0.03074
 384 1 150.46808  11.07215 0.05180
 384 2 150.53183  11.13233 0.05142
 385 1 150.55629  11.31973 0.05501
 385 2 150.57938  11.26045 0.05492
 386 1 234.09352  34.86969 0.06594
 386 2 234.02693  34.83680 0.06549
 387 1 235.39439  34.13021 0.05635
 387 2 235.40968  34.19168 0.05648
 388 1 232.82805  36.08004 0.03693
 388 2 232.83540  35.98201 0.03677
 389 1 213.26965  41.33871 0.06781
 389 2 213.27432  41.34582 0.06729
 390 1 239.96504  25.94064 0.04466
 390 2 239.96388  25.91464 0.04450
 391 1 222.17572  44.42920 0.04373
 391 2 222.09505  44.41863 0.04354
 392 1 130.90535   5.31693 0.05045
 392 2 130.85852   5.34339 0.05052
 393 1 157.31459   6.12810 0.01188
 393 2 157.10304   6.23859 0.01182
 394 1 151.17920  37.88314 0.05879
 394 2 151.16731  37.85333 0.05838
 395 1 210.29526  43.58354 0.03348
 395 2 210.20618  43.56301 0.03334
 396 1 217.49490  39.94063 0.03326
 396 2 217.31831  39.85040 0.03300
 397 1 186.40158  50.33696 0.00826
 397 2 186.36829  50.32884 0.00836
 398 1 185.70473  66.86259 0.03219
 398 2 185.76868  66.91137 0.03235
 399 1 186.45581  50.09592 0.02371
 399 2 186.81960  50.09492 0.02393
 400 1 180.60817  50.45907 0.06268
 400 2 180.68243  50.44576 0.06318
 401 1 215.08000   8.92750 0.04397
 401 2 214.98244   8.86582 0.04399
 402 1 216.68626   9.17926 0.05504
 402 2 216.70055   9.18833 0.05538
 403 1 218.04425   8.18940 0.05323
 403 2 218.03810   8.10121 0.05294
 404 1 133.89163   6.65918 0.05208
 404 2 133.89987   6.70792 0.05191
 405 1 155.84146   9.93746 0.03236
 405 2 155.86470   9.98214 0.03226
 406 1 152.93896  11.34628 0.05410
 406 2 152.95596  11.28992 0.05367
 407 1 129.44116   8.37616 0.05714
 407 2 129.42900   8.36177 0.05665
 408 1 156.40503  42.95930 0.04868
 408 2 156.34372  42.96470 0.04845
 409 1 154.82607  43.34906 0.02597
 409 2 154.92659  43.36631 0.02611
 410 1 194.76093  46.57986 0.05059
 410 2 194.79694  46.57277 0.05082
 411 1 190.45029  47.70888 0.03079
 411 2 190.37283  47.53699 0.03090
 412 1 168.62415  10.76844 0.04655
 412 2 168.65167  10.80215 0.04675
 413 1 149.92468  39.65738 0.02850
 413 2 149.83458  39.67022 0.02900
 414 1 153.74559   7.80069 0.02830
 414 2 153.76062   7.80741 0.02827
 415 1 159.71838   8.81298 0.03185
 415 2 159.74182   8.74941 0.03165
 416 1 154.47885   9.13592 0.04419
 416 2 154.44649   9.13679 0.04444
 417 1 197.15623  54.07436 0.00821
 417 2 197.28639  53.94355 0.00835
 418 1 137.84204  37.10916 0.05580
 418 2 137.77483  37.02979 0.05555
 419 1 142.15643  38.53924 0.01214
 419 2 142.16606  38.56361 0.01245
 420 1 165.79659  14.75689 0.02417
 420 2 165.88553  14.72753 0.02410
 421 1 155.93452  37.64115 0.04169
 421 2 155.94986  37.66413 0.04165
 422 1 158.79628  42.77043 0.02915
 422 2 158.75621  42.81246 0.02893
 423 1 156.71582  41.88856 0.02295
 423 2 156.53633  42.02616 0.02279
 424 1 168.39185  11.45618 0.07456
 424 2 168.41275  11.47750 0.07457
 425 1 217.72307  11.23664 0.04925
 425 2 217.75580  11.14315 0.04940
 426 1 208.66724  44.83154 0.05988
 426 2 208.58954  44.82447 0.06011
 427 1 163.08124  44.17271 0.04889
 427 2 163.11259  44.13493 0.04903
 428 1 151.91249  36.65319 0.04145
 428 2 151.93704  36.65119 0.04135
 429 1 167.77650  43.63300 0.02503
 429 2 167.97369  43.56667 0.02482
 430 1 169.35394  44.56330 0.06625
 430 2 169.42889  44.55948 0.06606
 431 1 164.72227  42.00464 0.04798
 431 2 164.72545  42.04794 0.04792
 432 1 166.54324  42.63710 0.04875
 432 2 166.54860  42.60925 0.04868
 433 1 237.66972   7.95800 0.04187
 433 2 237.66641   7.95799 0.04184
 434 1 233.94319   7.94185 0.03383
 434 2 233.98283   7.97585 0.03370
 435 1 194.23956  38.47827 0.05193
 435 2 194.23195  38.58536 0.05163
 436 1 124.91360  28.77910 0.03504
 436 2 125.06406  28.87923 0.03489
 437 1 129.56964  31.81735 0.02679
 437 2 129.65668  31.88899 0.02731
 438 1 130.21310  31.98152 0.04699
 438 2 130.16087  31.90198 0.04735
 439 1 165.07420  44.58839 0.03690
 439 2 165.06430  44.61338 0.03677
 440 1 164.87015  45.89696 0.05125
 440 2 164.83333  45.91826 0.05129
 441 1 233.94093  44.83481 0.02964
 441 2 233.92955  44.81334 0.02964
 442 1 175.07710   9.00989 0.00611
 442 2 174.96983   8.87449 0.00661
 443 1 162.87292   9.27951 0.02666
 443 2 162.92245   9.14048 0.02659
 444 1 184.61801  57.23842 0.05491
 444 2 184.65700  57.31282 0.05500
 445 1 182.88943  57.73748 0.01625
 445 2 182.82617  57.64472 0.01643
 446 1 208.41205  57.55885 0.02604
 446 2 208.42374  57.52226 0.02599
 447 1 209.52066  57.16764 0.05899
 447 2 209.52509  57.20809 0.05889
 448 1 241.07271  42.02816 0.03702
 448 2 241.27403  42.01001 0.03741
 449 1 241.82338  41.40361 0.03464
 449 2 241.62605  41.34328 0.03439
 450 1 141.00130  38.86691 0.04627
 450 2 140.93825  38.75623 0.04626
 451 1 151.11493  44.96736 0.07611
 451 2 151.10699  45.00873 0.07566
 452 1 221.83760  48.90131 0.00745
 452 2 221.51904  49.28066 0.00747
 453 1 234.58842  33.18475 0.02205
 453 2 234.65036  33.27712 0.02183
 454 1 195.64888  41.32336 0.02752
 454 2 195.59590  41.28587 0.02727
 455 1 190.57161  42.52113 0.00797
 455 2 191.28152  42.70225 0.00790
 456 1 192.11977  42.29768 0.05367
 456 2 192.24541  42.32995 0.05359
 457 1 212.12691  36.49537 0.03526
 457 2 212.13951  36.54625 0.03492
 458 1 155.39001  11.96224 0.02587
 458 2 155.40015  12.14007 0.02567
 459 1 175.97029  15.66877 0.05246
 459 2 175.88498  15.68670 0.05268
 460 1 149.51440  36.61536 0.05327
 460 2 149.46635  36.63567 0.05377
 461 1 166.98619   8.00135 0.01119
 461 2 166.72586   7.78162 0.01106
 462 1 214.38577  36.33864 0.04700
 462 2 214.25203  36.30777 0.04715
 463 1 216.80070  35.60831 0.07676
 463 2 216.81183  35.57830 0.07727
 464 1 217.60628  35.32103 0.01049
 464 2 217.46033  35.38205 0.01069
 465 1 216.29169  36.54100 0.04861
 465 2 216.30894  36.47626 0.04839
 466 1 202.60373  39.99719 0.02411
 466 2 202.38586  40.14468 0.02402
 467 1 203.89653  40.11112 0.05418
 467 2 203.92369  40.09792 0.05433
 468 1 202.65881  40.89875 0.05459
 468 2 202.72696  40.95974 0.05454
 469 1 171.87633  42.52973 0.03353
 469 2 171.79489  42.50393 0.03348
 470 1 213.15799  12.02018 0.03793
 470 2 213.07983  12.02011 0.03762
 471 1 229.16383  38.75573 0.02953
 471 2 229.37062  38.65855 0.02936
 472 1 232.73862  36.80656 0.04536
 472 2 232.69229  36.92315 0.04525
 473 1 233.99277  36.25170 0.05523
 473 2 234.02969  36.24139 0.05519
 474 1 128.04442  31.03916 0.07364
 474 2 128.06683  31.04801 0.07401
 475 1 128.80098  31.70424 0.06845
 475 2 128.77255  31.73697 0.06886
 476 1 159.85483  39.08259 0.04295
 476 2 159.84744  39.08061 0.04312
 477 1 157.45700  39.01257 0.02599
 477 2 157.29802  39.11489 0.02591
 478 1 156.43039  39.64637 0.02343
 478 2 156.39667  39.67361 0.02326
 479 1 223.08914  50.35933 0.03679
 479 2 223.05530  50.36113 0.03707
 480 1 223.78275  51.02026 0.02618
 480 2 223.88811  50.99293 0.02632
 481 1 201.79956  55.48717 0.02401
 481 2 201.93036  55.61134 0.02392
 482 1 204.66640  55.45016 0.03700
 482 2 204.67151  55.46976 0.03729
 483 1 204.31685  56.32278 0.06358
 483 2 204.29442  56.28041 0.06381
 484 1 205.34473  56.07104 0.03004
 484 2 205.37004  56.05776 0.03018
 485 1 205.35265  56.17108 0.03456
 485 2 205.38290  56.18356 0.03437
 486 1 205.69789  55.52137 0.03517
 486 2 205.69156  55.51862 0.03484
 487 1 204.23492  56.01654 0.06431
 487 2 204.21478  56.02848 0.06397
 488 1 206.48051  56.26449 0.06768
 488 2 206.46361  56.26734 0.06788
 489 1 169.52846  43.22303 0.05227
 489 2 169.52686  43.21161 0.05227
 490 1 163.10010  43.41837 0.05914
 490 2 163.17824  43.37550 0.05909
 491 1 162.95126  43.76413 0.01109
 491 2 163.18610  43.91220 0.01109
 492 1 222.24736   9.50476 0.04664
 492 2 222.23164   9.56096 0.04647
 493 1 222.00122   9.91793 0.05055
 493 2 221.99998   9.95436 0.05071
 494 1 223.13177  11.05835 0.05261
 494 2 223.08028  11.04386 0.05278
 495 1 188.60214   6.84756 0.07481
 495 2 188.54463   6.90201 0.07433
 496 1 219.55969   9.00753 0.05103
 496 2 219.63931   9.09049 0.05108
 497 1 241.82022  26.27442 0.03156
 497 2 241.86035  26.26357 0.03140
 498 1 163.04865  58.43810 0.03158
 498 2 163.01981  58.59975 0.03175
 499 1 243.03986  41.65821 0.05511
 499 2 242.96021  41.60928 0.05462
 500 1 130.07573   4.27078 0.05040
 500 2 130.04269   4.28199 0.05032
 501 1 155.13486   6.87175 0.04557
 501 2 155.15933   6.83394 0.04539
 502 1 254.93980  24.74566 0.04340
 502 2 254.96950  24.68286 0.04380
 503 1 339.09692  -0.79064 0.05547
 503 2 339.09076  -0.80432 0.05561
 504 1 189.78720   8.93417 0.04672
 504 2 189.79056   8.93274 0.04699
 505 1 231.98340   4.59672 0.03207
 505 2 231.98965   4.51154 0.03240
 506 1 158.20647  39.84655 0.02969
 506 2 158.13361  39.82664 0.02953
 507 1 251.30792  30.76070 0.07841
 507 2 251.31221  30.79489 0.07853
 508 1 234.40770   9.31486 0.03511
 508 2 234.45204   9.31604 0.03508
 509 1 116.86333  47.86597 0.05091
 509 2 116.89287  47.89114 0.05079
 510 1 119.69216  50.45974 0.02236
 510 2 119.98827  50.42772 0.02259
 511 1 212.58186  36.03947 0.05907
 511 2 212.52252  36.02021 0.05920
 512 1 159.46382  13.65867 0.05295
 512 2 159.45020  13.68606 0.05292
 513 1 121.46748  22.35024 0.04085
 513 2 121.45541  22.34013 0.04089
 514 1 181.08649  56.34662 0.04102
 514 2 181.05672  56.26574 0.04085
 515 1 177.15982  56.94619 0.05165
 515 2 177.16391  56.94423 0.05205
 516 1 175.66559  57.65165 0.06004
 516 2 175.66431  57.72847 0.06029
 517 1 215.79202   6.15505 0.05044
 517 2 215.75513   6.24014 0.05079
 518 1 332.92868  12.17613 0.07890
 518 2 332.97928  12.21800 0.07858
 519 1 169.54129   7.78166 0.04207
 519 2 169.54109   7.81272 0.04182
 520 1 193.69319  39.57126 0.03224
 520 2 193.58629  39.49461 0.03190
 521 1 119.45183  47.87279 0.05986
 521 2 119.57028  47.85744 0.06030
 522 1 348.75668   0.07222 0.05122
 522 2 348.74387   0.09505 0.05088
 523 1 127.12747  23.06092 0.04501
 523 2 127.12936  23.06214 0.04450
 524 1 206.70605  14.40049 0.02156
 524 2 206.71243  14.41516 0.02182
 525 1 209.23090  14.14224 0.01502
 525 2 209.26787  14.10182 0.01459
 526 1 238.86755  34.17785 0.03122
 526 2 238.85411  34.22645 0.03089
 527 1 185.70638  12.58052 0.05803
 527 2 185.69972  12.58459 0.05822
 528 1 255.32689  19.91750 0.04690
 528 2 255.34117  19.85453 0.04704
 529 1 189.56566   7.82038 0.03767
 529 2 189.54988   7.81244 0.03814
 530 1 219.74295   9.39585 0.03421
 530 2 219.79204   9.29824 0.03460
 531 1 184.64874  42.01393 0.04720
 531 2 184.54344  41.97657 0.04690
 532 1 187.06627  42.01404 0.03816
 532 2 187.00627  42.05072 0.03830
 533 1 245.74998  21.93665 0.03707
 533 2 245.70419  22.05807 0.03672
 534 1 241.44124  41.34474 0.00664
 534 2 241.31084  41.18843 0.00678
 535 1 190.02872   9.59779 0.05742
 535 2 189.94034   9.56404 0.05712
 536 1 211.27632  51.25669 0.07009
 536 2 211.28923  51.21733 0.07011
 537 1 205.81758  52.79513 0.06892
 537 2 205.83691  52.80206 0.06844
 538 1 150.87543   7.83822 0.03102
 538 2 150.82928   7.89740 0.03053
 539 1 224.35936  10.05577 0.04576
 539 2 224.29633  10.15454 0.04606
 540 1 228.12695   9.90791 0.04631
 540 2 228.06992   9.83969 0.04598
 541 1 226.98572   9.08511 0.05684
 541 2 227.00453   9.07945 0.05669
 542 1 238.07117   4.85036 0.03486
 542 2 237.96049   4.74875 0.03469
 543 1 220.54568  12.94290 0.02810
 543 2 220.58534  12.89767 0.02779
 544 1 341.90451   0.38500 0.03609
 544 2 341.80377   0.51203 0.03620
 545 1 139.31911  29.01773 0.06366
 545 2 139.28484  29.04430 0.06404
 546 1 140.31485  10.29474 0.03948
 546 2 140.33994  10.27484 0.03962
 547 1 206.61479  50.64402 0.01486
 547 2 206.61972  50.49337 0.01506
 548 1 206.24675  51.02384 0.02893
 548 2 206.25060  51.08876 0.02859
 549 1 224.65773   6.77515 0.00559
 549 2 224.53665   6.74654 0.00556
 550 1 173.38963  14.74545 0.03702
 550 2 173.31097  14.71744 0.03674
 551 1 225.93225  36.37375 0.04822
 551 2 225.88882  36.42369 0.04801
 552 1 248.41656  20.71453 0.05691
 552 2 248.41071  20.73003 0.05727
 553 1 158.93280  37.58817 0.05525
 553 2 158.81960  37.62212 0.05539
 554 1 199.76294  39.58933 0.02373
 554 2 199.66997  39.69507 0.02380
 555 1 241.14890  25.72067 0.03917
 555 2 241.05447  25.70532 0.03906
 556 1 241.00391  25.95541 0.04858
 556 2 240.95409  25.97278 0.04805
 557 1 227.22908  10.80346 0.02181
 557 2 227.32111  10.85163 0.02211
 558 1 223.57742  12.49602 0.05073
 558 2 223.54170  12.52909 0.05112
 559 1   1.51631  -0.72697 0.07368
 559 2   1.57303  -0.68217 0.07335
 560 1 123.96827  20.50247 0.04377
 560 2 123.99658  20.49745 0.04405
 561 1 122.51217  20.02922 0.03969
 561 2 122.45638  20.13119 0.03988
 562 1 139.20607  27.48959 0.02359
 562 2 139.28841  27.48115 0.02355
 563 1 177.68274  34.18818 0.07139
 563 2 177.66525  34.19616 0.07139
 564 1 220.69952  37.87199 0.03211
 564 2 220.53738  37.87319 0.03210
 565 1 226.36589  36.11429 0.07982
 565 2 226.34239  36.09159 0.07943
 566 1 227.12262  37.18911 0.05507
 566 2 227.10791  37.17422 0.05557
 567 1 227.99055  36.78505 0.04478
 567 2 227.95473  36.85206 0.04452
 568 1 169.53229  42.04484 0.07048
 568 2 169.50990  41.97563 0.07032
 569 1 237.75571  23.01575 0.02489
 569 2 237.71631  22.93971 0.02531
 570 1 240.76515  21.69745 0.03432
 570 2 240.73676  21.72255 0.03405
 571 1 215.61792  13.43024 0.04005
 571 2 215.65361  13.43948 0.04039
 572 1 215.17915  13.69611 0.02028
 572 2 215.29152  13.94782 0.02021
 573 1 215.63870  13.71719 0.02548
 573 2 215.64485  13.71735 0.02552
 574 1 203.67427  50.46419 0.02891
 574 2 203.70326  50.31296 0.02880
 575 1 200.71075  51.73833 0.02971
 575 2 200.71332  51.75079 0.02989
 576 1 144.86536  11.01377 0.03456
 576 2 144.84583  10.98685 0.03507
 577 1 143.01566  10.37778 0.05062
 577 2 142.97401  10.35128 0.05012
 578 1 221.74788   7.89242 0.02851
 578 2 221.75063   7.91243 0.02819
 579 1 226.04909   7.45643 0.05560
 579 2 226.11852   7.42202 0.05578
 580 1 228.30466   7.22552 0.01304
 580 2 228.53229   6.91788 0.01300
 581 1 225.53488   7.21577 0.05587
 581 2 225.54828   7.23939 0.05601
 582 1 197.12114  48.16273 0.03455
 582 2 197.06963  48.20972 0.03439
 583 1 195.79771  48.78531 0.01607
 583 2 195.72250  48.73925 0.01605
 584 1 193.67172  49.37214 0.03086
 584 2 193.51591  49.45826 0.03092
 585 1 161.07246  34.94471 0.06707
 585 2 161.12816  34.88706 0.06696
 586 1 162.04768  33.19234 0.02252
 586 2 162.06792  33.26755 0.02278
 587 1 162.12878  33.53616 0.07184
 587 2 162.13063  33.55257 0.07157
 588 1 233.58827  25.39542 0.06874
 588 2 233.67665  25.40185 0.06846
 589 1 242.91357  38.21157 0.06487
 589 2 242.83025  38.21571 0.06529
 590 1 181.49706  38.09108 0.05272
 590 2 181.47263  38.06588 0.05230
 591 1 167.89076  32.86488 0.06015
 591 2 167.90886  32.86671 0.06042
 592 1 167.20166  33.50950 0.07914
 592 2 167.26105  33.54275 0.07882
 593 1 168.73683  33.82565 0.03690
 593 2 168.63383  33.80582 0.03698
 594 1 164.79234  32.18475 0.05848
 594 2 164.78946  32.18646 0.05879
 595 1 164.96506  32.06806 0.04089
 595 2 164.93616  32.08628 0.04083
 596 1 188.35648  13.23311 0.02422
 596 2 188.33817  13.22545 0.02412
 597 1 171.55298  40.11868 0.03053
 597 2 171.60944  40.07728 0.03034
 598 1 238.77884  34.78228 0.04714
 598 2 238.84155  34.82808 0.04661
 599 1 241.81003  33.31920 0.06269
 599 2 241.84856  33.39936 0.06294
 600 1 175.72015  32.85674 0.06662
 600 2 175.71443  32.85779 0.06610
 601 1 229.67107  23.60526 0.07115
 601 2 229.71347  23.58855 0.07093
 602 1 198.53056  30.01505 0.03515
 602 2 198.57378  30.07080 0.03518
 603 1 133.58998  32.68085 0.01459
 603 2 133.62263  32.63552 0.01455
 604 1 142.42960  35.19662 0.06702
 604 2 142.36540  35.13839 0.06704
 605 1 252.42172  24.83636 0.05523
 605 2 252.39397  24.81806 0.05535
 606 1 237.30440  31.10242 0.03145
 606 2 237.22203  30.96763 0.03163
 607 1 235.93697  29.42952 0.03411
 607 2 236.02072  29.38785 0.03450
 608 1 227.38702  42.48993 0.05857
 608 2 227.45050  42.51647 0.05859
 609 1 123.23244  52.36553 0.05227
 609 2 123.28898  52.31973 0.05201
 610 1 235.63792  38.49292 0.06814
 610 2 235.61636  38.50060 0.06825
 611 1 232.69330  41.51731 0.04216
 611 2 232.77950  41.50327 0.04200
 612 1 241.91107  35.12724 0.06870
 612 2 241.84930  35.16388 0.06892
 613 1 235.92049  39.54035 0.06347
 613 2 235.90704  39.49174 0.06394
 614 1 240.48972  37.13063 0.05842
 614 2 240.51328  37.17229 0.05836
 615 1 233.23178  42.07175 0.05639
 615 2 233.25957  41.99212 0.05591
 616 1 194.16132  50.66525 0.04525
 616 2 194.22182  50.67896 0.04536
 617 1 181.37007  46.77975 0.03124
 617 2 181.43324  46.92995 0.03123
 618 1 227.52235   9.72300 0.02152
 618 2 227.63673   9.68232 0.02143
 619 1 228.09853  11.13301 0.06226
 619 2 228.11095  11.05281 0.06212
 620 1 227.32253  11.17853 0.06918
 620 2 227.33180  11.13348 0.06911
 621 1 233.16119  10.45312 0.02005
 621 2 232.94754  10.62913 0.02012
 622 1 341.88559   0.16396 0.06189
 622 2 341.87827   0.17012 0.06184
 623 1 130.00986  29.81740 0.06484
 623 2 130.08253  29.77408 0.06491
 624 1 128.48605  26.97266 0.01175
 624 2 128.35826  26.85387 0.01187
 625 1 130.30751  27.90780 0.05806
 625 2 130.42311  27.91877 0.05794
 626 1 134.19858  29.91860 0.03305
 626 2 134.36368  29.85663 0.03293
 627 1 135.03041  29.63276 0.02676
 627 2 135.17033  29.59471 0.02699
 628 1 165.73967  31.39272 0.04613
 628 2 165.76587  31.36695 0.04603
 629 1 177.62210  28.59457 0.04766
 629 2 177.70169  28.59784 0.04773
 630 1 178.90164  29.99592 0.02268
 630 2 178.94435  29.94145 0.02267
 631 1 177.01398  30.35933 0.02098
 631 2 177.01204  30.44027 0.02112
 632 1 121.25006  23.94995 0.05594
 632 2 121.20333  23.94118 0.05570
 633 1 118.95838  22.66290 0.07396
 633 2 118.98221  22.62287 0.07418
 634 1 219.64687  52.70644 0.01115
 634 2 219.43407  52.72535 0.01130
 635 1 322.39755  -0.27073 0.05838
 635 2 322.32507  -0.31157 0.05826
 636 1 322.60785  -0.47429 0.01989
 636 2 322.61331  -0.44498 0.02014
 637 1 194.23604  38.63951 0.02428
 637 2 194.35797  38.63895 0.02436
 638 1 192.74811  35.06614 0.03858
 638 2 192.69882  35.10107 0.03869
 639 1 163.98026  36.86152 0.02180
 639 2 164.02367  36.96003 0.02161
 640 1 162.91624  37.52699 0.03063
 640 2 162.86133  37.51882 0.03042
 641 1 165.10950  31.89830 0.06324
 641 2 165.14113  31.86306 0.06328
 642 1 163.95856  31.39228 0.03493
 642 2 163.82278  31.44403 0.03470
 643 1 233.38474  19.49768 0.03719
 643 2 233.41528  19.48032 0.03753
 644 1 181.14670  30.10879 0.04669
 644 2 181.27534  30.07376 0.04688
 645 1 183.57607  29.52964 0.06326
 645 2 183.54561  29.45485 0.06297
 646 1 245.87621  35.96144 0.05081
 646 2 245.90137  35.94451 0.05077
 647 1 241.77399  30.21762 0.05469
 647 2 241.87355  30.22346 0.05481
 648 1 243.87825  30.50380 0.05382
 648 2 243.85240  30.56971 0.05391
 649 1 180.43214   7.56033 0.04033
 649 2 180.40100   7.59372 0.04027
 650 1  55.55396  -0.35424 0.02512
 650 2  55.61697  -0.42944 0.02506
 651 1  28.09481  -0.38966 0.05473
 651 2  28.09221  -0.37485 0.05422
 652 1  20.33885   0.09038 0.01266
 652 2  20.50306   0.27018 0.01268
 653 1 231.27176  19.83481 0.02292
 653 2 231.10689  19.71651 0.02305
 654 1 348.63803   0.23599 0.01465
 654 2 348.58102   0.18277 0.01452
 655 1 147.94392  27.54610 0.03304
 655 2 148.00726  27.54560 0.03344
 656 1 243.90381  28.15859 0.02505
 656 2 243.94626  28.06193 0.02494
 657 1  16.80828   0.79271 0.05148
 657 2  16.83477   0.75639 0.05127
 658 1  19.43227  -0.83138 0.05334
 658 2  19.47878  -0.85353 0.05334
 659 1  19.77158  -0.78539 0.05396
 659 2  19.74918  -0.77372 0.05362
 660 1  17.57881   0.13013 0.06567
 660 2  17.55718   0.04367 0.06586
 661 1 180.75365  27.67784 0.05057
 661 2 180.72015  27.67077 0.05052
 662 1 182.33727  28.53145 0.07524
 662 2 182.39078  28.52390 0.07511
 663 1 203.43913  23.86041 0.03704
 663 2 203.44548  23.89610 0.03741
 664 1 121.44727  22.90968 0.03037
 664 2 121.45454  22.93024 0.03040
 665 1 124.44941  24.79904 0.07252
 665 2 124.51718  24.75976 0.07247
 666 1 119.02764  20.76230 0.04561
 666 2 119.04802  20.71501 0.04568
 667 1 197.51122  11.45190 0.05417
 667 2 197.49292  11.53232 0.05407
 668 1 195.73705  12.88059 0.03618
 668 2 195.75114  12.94362 0.03638
 669 1 192.17610  13.27484 0.03856
 669 2 192.12550  13.32482 0.03885
 670 1 198.24968  43.20431 0.06168
 670 2 198.28452  43.21658 0.06190
 671 1  18.31366   0.43725 0.06910
 671 2  18.36017   0.37909 0.06914
 672 1 184.50818  40.38284 0.04890
 672 2 184.46600  40.41045 0.04909
 673 1 188.96597  38.37613 0.01301
 673 2 188.71227  38.29995 0.01327
 674 1 193.52916  55.23082 0.06454
 674 2 193.57040  55.26912 0.06504
 675 1 196.35759  53.59175 0.03806
 675 2 196.36505  53.69962 0.03788
 676 1 199.88135  55.29734 0.03812
 676 2 200.08841  55.23398 0.03815
 677 1 155.11752   7.77879 0.06795
 677 2 155.08380   7.78812 0.06755
 678 1 158.23230   8.38911 0.04197
 678 2 158.31554   8.41448 0.04223
 679 1 241.99535  10.22252 0.03360
 679 2 241.97301  10.26933 0.03352
 680 1 243.50415  10.45840 0.04132
 680 2 243.44810  10.48844 0.04117
 681 1 218.80247  13.74751 0.04220
 681 2 218.79370  13.68021 0.04203
 682 1 241.15392   9.95318 0.03404
 682 2 241.15454   9.95118 0.03395
 683 1 242.13652   9.60671 0.03390
 683 2 242.09509   9.66601 0.03424
 684 1 177.26826  27.33423 0.02226
 684 2 177.27274  27.25147 0.02238
 685 1 155.38644  22.54637 0.02421
 685 2 155.54155  22.35804 0.02403
 686 1 152.01962  22.22411 0.02103
 686 2 151.79474  22.21731 0.02054
 687 1 163.67839  36.00502 0.05915
 687 2 163.58176  36.02738 0.05957
 688 1 166.49200  36.40711 0.02475
 688 2 166.53636  36.18069 0.02464
 689 1 182.65317  34.95657 0.03469
 689 2 182.85281  34.97934 0.03475
 690 1 179.31792  14.05879 0.04214
 690 2 179.21353  14.12619 0.04209
 691 1 180.41020  14.48388 0.04367
 691 2 180.34543  14.57536 0.04415
 692 1 183.38760  14.48337 0.06380
 692 2 183.39217  14.47846 0.06350
 693 1 199.60461  39.48619 0.05465
 693 2 199.61243  39.51004 0.05480
 694 1 158.25447  37.13143 0.03932
 694 2 158.10199  37.11584 0.03938
 695 1 210.86893  32.69770 0.01897
 695 2 210.91759  32.69426 0.01878
 696 1 217.00752  27.94879 0.03655
 696 2 216.99353  27.97469 0.03603
 697 1 160.86345  29.16791 0.03570
 697 2 160.75166  29.10123 0.03548
 698 1 118.32159  17.48335 0.04106
 698 2 118.37172  17.53694 0.04131
 699 1 161.36841  30.82296 0.04483
 699 2 161.35423  30.72379 0.04440
 700 1 172.10097  33.62749 0.03400
 700 2 172.26321  33.67729 0.03446
 701 1 146.74974  24.70227 0.03408
 701 2 146.63039  24.58180 0.03361
 702 1 185.69229  36.41033 0.04084
 702 2 185.67567  36.39621 0.04050
 703 1 211.20888  31.06513 0.01456
 703 2 211.63426  30.89408 0.01439
 704 1 213.23833  28.74737 0.05362
 704 2 213.17804  28.77982 0.05383
 705 1 221.31595  37.30035 0.03216
 705 2 221.31125  37.29729 0.03187
 706 1 153.62796  35.84211 0.03455
 706 2 153.60487  35.83381 0.03437
 707 1 254.62521  25.39027 0.03270
 707 2 254.60417  25.39761 0.03237
 708 1 169.55524  28.91616 0.06967
 708 2 169.55775  28.91469 0.06981
 709 1 170.27164  25.57394 0.02602
 709 2 170.08145  25.65014 0.02648
 710 1 153.35922  12.28715 0.06892
 710 2 153.37575  12.30682 0.06843
 711 1 156.03622  13.57293 0.02296
 711 2 156.03059  13.61775 0.02340
 712 1 159.31329  13.03447 0.05080
 712 2 159.38264  12.99934 0.05092
 713 1 234.64720  26.22175 0.06990
 713 2 234.70546  26.23645 0.06984
 714 1 162.94966  10.86621 0.02692
 714 2 163.13654  10.98413 0.02697
 715 1 160.91211  11.09872 0.04759
 715 2 160.86031  11.09007 0.04753
 716 1 172.22299  43.22990 0.06800
 716 2 172.27847  43.24034 0.06749
 717 1 173.21901  43.51497 0.02433
 717 2 173.26726  43.48292 0.02422
 718 1 173.90244  43.47689 0.02430
 718 2 174.02078  43.47419 0.02442
 719 1 177.55186  45.47863 0.01061
 719 2 177.57829  45.48661 0.01084
 720 1 172.31050  31.92827 0.03348
 720 2 172.35753  32.00074 0.03342
 721 1 172.84180  32.70633 0.03364
 721 2 172.82677  32.67797 0.03388
 722 1 221.89030  20.86933 0.06117
 722 2 221.90204  20.85793 0.06085
 723 1 215.76830  38.14232 0.03388
 723 2 215.69391  38.14867 0.03391
 724 1 182.74481  43.24940 0.01968
 724 2 182.52231  43.44275 0.01978
 725 1 153.95261  21.74792 0.03806
 725 2 153.95607  21.60310 0.03769
 726 1 153.15805  22.29184 0.02057
 726 2 153.04915  22.47491 0.02065
 727 1 141.08537  15.45624 0.03514
 727 2 141.08626  15.45932 0.03530
 728 1 190.30205  22.58944 0.02845
 728 2 190.30803  22.59497 0.02870
 729 1 187.83922  17.03792 0.04588
 729 2 187.87067  17.04595 0.04581
 730 1 194.59543  45.27278 0.02734
 730 2 194.52188  45.28887 0.02700
 731 1 196.08623  45.05664 0.02826
 731 2 196.09518  45.02683 0.02792
 732 1 195.66144  45.44370 0.02413
 732 2 195.69987  45.47647 0.02416
 733 1 196.76247  13.07482 0.02728
 733 2 196.75687  13.01748 0.02707
 734 1 197.65016  42.85307 0.05860
 734 2 197.53343  42.84077 0.05892
 735 1 200.27179  42.44880 0.03585
 735 2 200.38199  42.53562 0.03557
 736 1 203.08722  29.07623 0.04403
 736 2 203.10326  29.08471 0.04449
 737 1 217.78236  23.03665 0.03671
 737 2 217.76941  23.01337 0.03656
 738 1 212.95459  21.37635 0.02826
 738 2 213.03375  21.40705 0.02824
 739 1 162.96638  22.23895 0.02585
 739 2 162.76860  22.09992 0.02539
 740 1 161.41331  20.74623 0.04249
 740 2 161.50040  20.76897 0.04290
 741 1 200.60249  23.45128 0.03721
 741 2 200.60229  23.51433 0.03749
 742 1 202.98389  24.10178 0.03704
 742 2 202.81906  24.09147 0.03697
 743 1 205.54315  24.55788 0.06060
 743 2 205.61591  24.62507 0.06087
 744 1 125.64970  37.10136 0.04184
 744 2 125.69836  37.04457 0.04158
 745 1 157.98332  50.68497 0.06347
 745 2 158.09117  50.69819 0.06369
 746 1 216.12706  57.13769 0.01057
 746 2 216.68771  56.67769 0.01064
 747 1 223.65974  36.85799 0.03729
 747 2 223.68243  36.87103 0.03738
 748 1 149.31558  33.97631 0.02935
 748 2 149.32294  34.14486 0.02932
 749 1 255.41403  22.68758 0.03626
 749 2 255.39041  22.68145 0.03645
 750 1 199.08932  13.50183 0.03043
 750 2 199.01495  13.40315 0.03036
 751 1 194.83656  14.78804 0.02185
 751 2 194.90775  14.88597 0.02212
 752 1 178.93810  44.89548 0.07151
 752 2 178.91092  44.87495 0.07181
 753 1 162.94971  11.98381 0.04654
 753 2 162.93434  11.95985 0.04601
 754 1 161.41527  12.28019 0.02431
 754 2 161.64975  12.22026 0.02426
 755 1 240.12088   8.03621 0.05732
 755 2 240.11465   8.11341 0.05710
 756 1 134.91035  15.18862 0.02911
 756 2 134.91722  15.18713 0.02869
 757 1 135.85448  20.66740 0.03205
 757 2 135.96652  20.55251 0.03210
 758 1 139.35532  19.47505 0.05065
 758 2 139.31491  19.54409 0.05038
 759 1 139.88326  19.61127 0.03428
 759 2 139.94118  19.72745 0.03455
 760 1 177.01932  60.89736 0.03457
 760 2 177.09875  60.91118 0.03450
 761 1 177.15872  60.99680 0.05672
 761 2 177.33865  61.00246 0.05669
 762 1 205.62033  41.22849 0.03613
 762 2 205.62202  41.20031 0.03591
 763 1 225.68031  43.27462 0.04059
 763 2 225.67651  43.24242 0.04086
 764 1 227.99835  10.51638 0.03503
 764 2 228.00821  10.50873 0.03463
 765 1 332.97049   0.10871 0.03329
 765 2 332.95135   0.08003 0.03348
 766 1 333.85864   0.07335 0.04519
 766 2 333.87292   0.11614 0.04552
 767 1 310.21701   0.65274 0.02677
 767 2 310.33240   0.66014 0.02661
 768 1 194.32254  14.21985 0.06158
 768 2 194.31543  14.19767 0.06130
 769 1 164.21359  36.70878 0.06016
 769 2 164.19922  36.69351 0.06017
 770 1 163.55208  37.53858 0.03072
 770 2 163.53389  37.52128 0.03043
 771 1 194.26204  31.62554 0.02330
 771 2 194.20627  31.49877 0.02291
 772 1 143.06833  12.09387 0.01975
 772 2 143.00328  12.26179 0.01970
 773 1 149.00293  13.13522 0.07001
 773 2 149.01730  13.12880 0.07013
 774 1 212.60199  16.11252 0.00768
 774 2 212.59998  16.18299 0.00797
 775 1 244.90526  12.40526 0.02534
 775 2 245.04756  12.45566 0.02561
 776 1  26.28764 -10.24399 0.03571
 776 2  26.34200 -10.29998 0.03609
 777 1  27.78293  -9.79203 0.04303
 777 2  27.75329  -9.76054 0.04290
 778 1 185.94406  36.15280 0.03332
 778 2 186.00441  36.15589 0.03340
 779 1 179.00644  31.66711 0.03445
 779 2 178.98137  31.64908 0.03430
 780 1 200.61775  28.15553 0.03840
 780 2 200.62617  28.17145 0.03816
 781 1 199.99541  29.42744 0.03158
 781 2 199.98454  29.44815 0.03192
 782 1  38.54401  -0.00179 0.05022
 782 2  38.52589  -0.00799 0.05014
 783 1 131.78622  19.63105 0.03118
 783 2 131.69153  19.70531 0.03140
 784 1 130.67960  19.65061 0.05523
 784 2 130.63913  19.60958 0.05502
 785 1 130.75931  19.59545 0.03651
 785 2 130.74026  19.56374 0.03679
 786 1 205.45770  18.56319 0.04673
 786 2 205.53493  18.50467 0.04674
 787 1 186.41727  20.52847 0.01829
 787 2 186.40099  20.45440 0.01839
 788 1 186.96959  20.47710 0.06490
 788 2 186.96890  20.47321 0.06461
 789 1 169.16161  15.72736 0.01262
 789 2 169.33815  15.95406 0.01278
 790 1 167.82324  16.48174 0.05936
 790 2 167.82314  16.46264 0.05910
 791 1 331.51059  -8.35180 0.06701
 791 2 331.51328  -8.35237 0.06673
 792 1 173.83493  28.39088 0.03321
 792 2 173.85136  28.42587 0.03363
 793 1 176.33276  26.87393 0.05072
 793 2 176.40590  26.93847 0.05063
 794 1 173.10229  27.93620 0.04933
 794 2 173.06589  27.85412 0.04967
 795 1 245.98764  44.85065 0.05815
 795 2 245.85968  44.82158 0.05849
 796 1 243.77547  33.52746 0.05925
 796 2 243.75491  33.56881 0.05918
 797 1 209.65822  28.86590 0.03893
 797 2 209.64630  28.84783 0.03847
 798 1 201.94804  25.44959 0.02499
 798 2 201.92079  25.45060 0.02551
 799 1 172.71085  52.20770 0.03384
 799 2 172.60953  52.16272 0.03344
 800 1 167.14581  51.92473 0.02588
 800 2 167.26511  51.91508 0.02634
 801 1 176.85809  49.13852 0.05484
 801 2 177.02034  49.15509 0.05479
 802 1 195.07422  27.38752 0.03678
 802 2 195.06021  27.28073 0.03704
 803 1 194.51303  27.97054 0.06863
 803 2 194.52229  28.01093 0.06898
 804 1 125.46975  41.86247 0.03807
 804 2 125.45982  41.87663 0.03806
 805 1  36.18743  -7.54938 0.04863
 805 2  36.16178  -7.66534 0.04881
 806 1  26.93768  -8.87242 0.07333
 806 2  26.88289  -8.84357 0.07340
 807 1 165.63872  -0.29102 0.01724
 807 2 165.70993  -0.36427 0.01683
 808 1 203.10100  11.10627 0.03144
 808 2 203.07050  11.19771 0.03183
 809 1 205.22014  11.91505 0.05801
 809 2 205.18236  11.96964 0.05810
 810 1 211.29387  40.45247 0.06587
 810 2 211.29819  40.51377 0.06616
 811 1 193.59473   8.37759 0.03615
 811 2 193.63951   8.43316 0.03583
 812 1 197.46248   6.43690 0.03892
 812 2 197.44412   6.47702 0.03861
 813 1 178.41653  43.46094 0.01969
 813 2 178.44568  43.41644 0.01974
 814 1 155.29442  35.65794 0.03771
 814 2 155.36282  35.56482 0.03789
 815 1 195.52289   9.38828 0.06653
 815 2 195.53867   9.37508 0.06654
 816 1 251.55795  26.83576 0.05932
 816 2 251.56223  26.88997 0.05918
 817 1 155.67101  20.85915 0.02459
 817 2 155.70679  20.79862 0.02496
 818 1 155.51727  20.58225 0.03912
 818 2 155.50853  20.62379 0.03892
 819 1 218.34624  19.87322 0.03941
 819 2 218.40121  19.79215 0.03910
 820 1 156.34200  19.13976 0.05452
 820 2 156.44232  19.09235 0.05417
 821 1 158.53613  19.70428 0.03403
 821 2 158.52348  19.71564 0.03382
 822 1 220.97749  25.65464 0.05069
 822 2 220.97816  25.62922 0.05025
 823 1 221.84760  25.38228 0.06552
 823 2 221.82027  25.34078 0.06548
 824 1 120.40096   9.87524 0.05043
 824 2 120.42832   9.88602 0.05005
 825 1 126.53076  12.16648 0.06518
 825 2 126.52637  12.24017 0.06550
 826 1 124.11742  11.85365 0.03480
 826 2 124.08163  11.85095 0.03494
 827 1 141.40295  15.45874 0.03901
 827 2 141.36880  15.52533 0.03911
 828 1 142.83334  16.29574 0.05055
 828 2 142.80708  16.27995 0.05026
 829 1 213.36897  17.75632 0.03827
 829 2 213.35382  17.78304 0.03807
 830 1 215.26210  17.28741 0.06953
 830 2 215.22397  17.34357 0.06905
 831 1 145.76807  15.29285 0.04557
 831 2 145.75764  15.31081 0.04524
 832 1 206.01694  25.66351 0.04859
 832 2 206.00883  25.72736 0.04887
 833 1 201.58060  26.24446 0.03409
 833 2 201.64305  26.30579 0.03380
 834 1 205.25735  25.47548 0.06267
 834 2 205.30019  25.53894 0.06310
 835 1 131.62686  20.53874 0.06131
 835 2 131.66339  20.55428 0.06134
 836 1 135.46225  16.62990 0.03812
 836 2 135.42712  16.67015 0.03862
 837 1 134.60602  14.58379 0.04032
 837 2 134.56082  14.60535 0.04024
 838 1 211.56274  20.14122 0.03704
 838 2 211.53160  20.09564 0.03698
 839 1 237.71103  22.23869 0.03143
 839 2 237.83047  22.17925 0.03121
 840 1 182.59674  32.34352 0.04910
 840 2 182.53537  32.34169 0.04910
 841 1 196.42094  33.17890 0.03243
 841 2 196.29678  33.17087 0.03278
 842 1 176.38297  31.46688 0.04601
 842 2 176.34358  31.49095 0.04608
 843 1 184.61911  17.26630 0.02547
 843 2 184.68826  17.22672 0.02571
 844 1 184.01205  17.92639 0.03777
 844 2 184.15016  17.92354 0.03780
 845 1 184.47299  17.44211 0.03007
 845 2 184.45436  17.47525 0.02991
 846 1 157.77271  20.31123 0.04383
 846 2 157.75233  20.28250 0.04364
 847 1 220.82796  20.78626 0.05503
 847 2 220.83623  20.84581 0.05517
 848 1 237.96701  25.75233 0.05917
 848 2 237.96915  25.65768 0.05936
 849 1 209.23332  29.16439 0.00792
 849 2 209.29138  29.21958 0.00749
 850 1 209.04317  30.09748 0.03110
 850 2 209.03290  30.08134 0.03106
 851 1 255.50488  24.24183 0.04095
 851 2 255.49417  24.23643 0.04115
 852 1 114.53916  44.84251 0.04221
 852 2 114.54111  44.83621 0.04174
 853 1 172.29391  15.49114 0.05314
 853 2 172.27025  15.49060 0.05275
 854 1 148.37926  34.40701 0.03958
 854 2 148.48450  34.31535 0.03974
 855 1 202.71262  37.04934 0.06236
 855 2 202.68349  37.07141 0.06206
 856 1 147.67709  30.49284 0.02913
 856 2 147.75627  30.31900 0.02913
 857 1 162.05849  13.21702 0.01828
 857 2 162.04990  13.13543 0.01796
 858 1 144.74821  13.26549 0.04773
 858 2 144.79242  13.24789 0.04746
 859 1 142.52277  13.97263 0.05135
 859 2 142.62505  14.01233 0.05127
 860 1 143.21616  12.28703 0.01564
 860 2 143.20045  12.27939 0.01593
 861 1 138.81075  11.86702 0.04905
 861 2 138.86804  11.83474 0.04905
 862 1 120.09752  54.96394 0.04093
 862 2 120.21859  54.90779 0.04081
 863 1 122.19849  56.95688 0.04315
 863 2 122.13207  56.83146 0.04286
 864 1 123.74797  58.09950 0.04638
 864 2 123.74539  58.08081 0.04639
 865 1 124.49854  58.77913 0.03890
 865 2 124.43066  58.92750 0.03884
 866 1 127.21942  58.20391 0.01771
 866 2 127.18523  58.15157 0.01803
 867 1 180.73782  20.65992 0.04271
 867 2 180.70949  20.63665 0.04248
 868 1 205.76614  16.70547 0.02451
 868 2 205.69565  16.65688 0.02477
 869 1 119.65247  11.93211 0.04427
 869 2 119.63937  11.92294 0.04447
 870 1 195.72681  23.65718 0.02478
 870 2 195.95897  23.63356 0.02472
 871 1 139.19997  15.83797 0.07247
 871 2 139.22330  15.84467 0.07270
 872 1 195.14117  25.63395 0.04503
 872 2 195.12334  25.62296 0.04516
 873 1 122.68398  21.82160 0.04477
 873 2 122.69064  21.71157 0.04499
 874 1 174.93730  37.00013 0.02106
 874 2 174.92816  36.88876 0.02137
 875 1 173.93881  49.27227 0.05280
 875 2 174.05458  49.26617 0.05238
 876 1 167.55681  48.95141 0.02433
 876 2 167.34544  48.96871 0.02437
 877 1 172.88669  49.85752 0.06859
 877 2 172.92690  49.87846 0.06867
 878 1 170.05887  50.02530 0.02601
 878 2 170.30925  50.07307 0.02594
 879 1 250.62056  34.50845 0.02203
 879 2 250.63686  34.42941 0.02216
 880 1 197.81270  27.31293 0.05901
 880 2 197.80621  27.29636 0.05950
 881 1 199.75555  27.89170 0.03484
 881 2 199.61899  27.91385 0.03450
 882 1 163.07703   8.82348 0.06307
 882 2 163.07623   8.81877 0.06338
 883 1 175.34802  11.84351 0.03331
 883 2 175.29103  11.71899 0.03344
 884 1 198.56665  12.06348 0.03428
 884 2 198.41930  11.97114 0.03397
 885 1 203.57037   9.75378 0.03977
 885 2 203.52071   9.78399 0.03984
 886 1 207.26958   6.85987 0.06799
 886 2 207.28131   6.83269 0.06755
 887 1 206.08011   7.33174 0.05492
 887 2 206.09299   7.34109 0.05474
 888 1 206.60902   7.68190 0.05455
 888 2 206.69521   7.69660 0.05482
 889 1 158.32127  16.40707 0.04506
 889 2 158.36711  16.38086 0.04512
 890 1 210.76013  -0.33554 0.05943
 890 2 210.79523  -0.38572 0.05923
 891 1 253.34230  33.02841 0.03800
 891 2 253.33722  32.98457 0.03806
 892 1 136.20760   8.03749 0.03134
 892 2 136.05222   8.04583 0.03110
 893 1 226.49246  38.48986 0.05245
 893 2 226.47664  38.49646 0.05205
 894 1 197.91499  46.91808 0.05311
 894 2 197.92470  46.96289 0.05339
 895 1 140.46046  15.12598 0.05504
 895 2 140.42905  15.17777 0.05497
 896 1 122.85619   8.89393 0.01970
 896 2 122.86275   8.94102 0.01950
 897 1 208.01738  -2.20661 0.01453
 897 2 208.01601  -2.12625 0.01478
 898 1 180.27081   0.11375 0.02067
 898 2 180.07501   0.29499 0.02066
 899 1 185.29350  25.22177 0.03369
 899 2 185.27826  25.15204 0.03387
 900 1 179.93420  25.62105 0.05819
 900 2 179.97246  25.66078 0.05854
 901 1 219.97908  54.18872 0.07015
 901 2 219.99173  54.17148 0.07023
 902 1 214.81360  56.23348 0.06261
 902 2 214.83369  56.22069 0.06269
 903 1 221.66515  55.16734 0.04041
 903 2 221.64238  55.23271 0.04011
 904 1 255.29121  20.67333 0.03154
 904 2 255.31638  20.61039 0.03147
 905 1 188.66956  44.39556 0.01932
 905 2 188.34941  44.54055 0.01952
 906 1 194.92502  43.75320 0.05781
 906 2 194.85973  43.75180 0.05759
 907 1 176.09517  35.86111 0.05963
 907 2 176.09877  35.84606 0.05995
 908 1 158.93048  29.59194 0.01474
 908 2 159.01012  29.67496 0.01470
 909 1 248.84665  14.85609 0.05015
 909 2 248.91916  14.84410 0.05031
 910 1 246.57063  16.32012 0.01295
 910 2 246.23318  16.32781 0.01278
 911 1 225.51411  18.49294 0.04767
 911 2 225.55957  18.49132 0.04784
 912 1 245.82997  50.93906 0.07109
 912 2 245.79105  50.89561 0.07111
 913 1  33.87907  -9.21764 0.03937
 913 2  33.84509  -9.21777 0.03944
 914 1 204.60181   1.47977 0.04041
 914 2 204.61136   1.40907 0.04078
 915 1 203.48801   3.23228 0.05647
 915 2 203.50613   3.32622 0.05657
 916 1 235.15529  20.56232 0.02634
 916 2 235.03438  20.49125 0.02635
 917 1 235.99541  19.21153 0.02415
 917 2 236.11920  19.25314 0.02404
 918 1 246.01453  13.73009 0.03370
 918 2 246.01431  13.72736 0.03374
 919 1 215.70683  20.16214 0.05643
 919 2 215.70233  20.07436 0.05626
 920 1 218.35306  20.00566 0.04332
 920 2 218.35919  19.96820 0.04327
 921 1 217.32135  20.65453 0.02953
 921 2 217.34892  20.71356 0.02944
 922 1 155.76736  15.47594 0.04076
 922 2 155.77193  15.57029 0.04089
 923 1 157.88014  18.03663 0.06548
 923 2 157.89336  17.99377 0.06505
 924 1 155.13950  14.31279 0.03026
 924 2 154.99966  14.28595 0.03014
 925 1 241.20760   8.48109 0.01740
 925 2 241.24518   8.45370 0.01734
 926 1 237.25732  27.61005 0.00739
 926 2 237.45265  27.13802 0.00716
 927 1 243.50534  20.44033 0.03704
 927 2 243.48026  20.48960 0.03702
 928 1 150.99899  14.42402 0.02331
 928 2 151.22801  14.45616 0.02333
 929 1 153.94810  14.63144 0.05284
 929 2 153.93994  14.60956 0.05330
 930 1 153.30331  14.88093 0.02010
 930 2 153.08501  14.91082 0.02008
 931 1 152.50389  15.72535 0.04759
 931 2 152.53383  15.68166 0.04764
 932 1 153.61905  15.90291 0.01016
 932 2 153.55443  15.86172 0.00990
 933 1 116.16141  40.36636 0.01982
 933 2 116.09850  40.34375 0.01956
 934 1 164.54102  -0.77468 0.02143
 934 2 164.63019  -1.00687 0.02148
 935 1  21.85707  15.52661 0.05238
 935 2  21.84665  15.55374 0.05253
 936 1  35.51952  -7.56222 0.03998
 936 2  35.42818  -7.47853 0.03962
 937 1 260.79004  63.90786 0.02728
 937 2 260.64032  63.76314 0.02721
 938 1 117.23952  17.57711 0.02866
 938 2 117.30054  17.56616 0.02875
 939 1 181.44257  24.16803 0.07543
 939 2 181.45020  24.18785 0.07523
 940 1 180.08110  25.08336 0.04504
 940 2 180.10156  25.11543 0.04475
 941 1 182.87886  25.12152 0.05920
 941 2 182.89536  25.12473 0.05904
 942 1 182.02747  25.50949 0.07837
 942 2 181.98265  25.49349 0.07885
 943 1 149.22310  36.19959 0.05970
 943 2 149.22876  36.20931 0.05999
 944 1 219.16133  41.07913 0.01581
 944 2 219.22034  40.94320 0.01588
 945 1 219.92712  41.18049 0.04018
 945 2 219.91725  41.30448 0.04015
 946 1 199.20624  47.40202 0.03577
 946 2 199.16943  47.41130 0.03586
 947 1 205.33287  36.93522 0.03461
 947 2 205.27248  37.07735 0.03435
 948 1 198.75479  31.69139 0.07188
 948 2 198.77602  31.68896 0.07202
 949 1 237.02533  14.37160 0.03532
 949 2 237.02571  14.37420 0.03532
 950 1 204.53633  19.34858 0.03649
 950 2 204.45876  19.42796 0.03667
 951 1 236.56487  11.05477 0.04730
 951 2 236.62337  11.10315 0.04699
 952 1 237.98596  10.67474 0.04604
 952 2 238.00591  10.69863 0.04568
 953 1 235.35368  11.98497 0.01453
 953 2 235.69206  12.06036 0.01434
 954 1 245.85367  21.23182 0.06739
 954 2 245.89069  21.31394 0.06769
 955 1  52.02299   0.02196 0.05417
 955 2  51.98693   0.03044 0.05434
 956 1 127.08582  55.66674 0.04341
 956 2 127.01053  55.73517 0.04331
 957 1 126.97386  55.15861 0.03882
 957 2 127.02552  55.09869 0.03912
 958 1 207.06094   8.18469 0.05485
 958 2 207.01041   8.15120 0.05508
 959 1 251.15953  20.70154 0.03268
 959 2 251.06476  20.79604 0.03240
 960 1 250.06104  23.02176 0.03979
 960 2 250.01489  23.05163 0.04011
 961 1 250.28183  22.82356 0.03401
 961 2 250.23894  22.80054 0.03435
 962 1 196.09247  36.26199 0.04454
 962 2 196.12158  36.25379 0.04463
 963 1 196.10269  36.47998 0.02323
 963 2 196.24109  36.43951 0.02287
 964 1 154.94736  34.32406 0.03252
 964 2 154.96864  34.34580 0.03245
 965 1 156.53549  31.46087 0.03644
 965 2 156.64095  31.48335 0.03668
 966 1 190.44843  44.91464 0.04994
 966 2 190.50986  44.91144 0.05012
 967 1 182.62505  45.95888 0.06549
 967 2 182.66612  45.97434 0.06544
 968 1 189.73961  43.55088 0.05796
 968 2 189.76376  43.51413 0.05842
 969 1 228.54509  18.06529 0.06783
 969 2 228.51085  18.04797 0.06741
 970 1 165.19156  27.80478 0.04549
 970 2 165.20021  27.87147 0.04545
 971 1 166.15517  28.22795 0.02945
 971 2 166.15367  28.30710 0.02967
 972 1 176.87868  36.15273 0.06398
 972 2 176.78720  36.16193 0.06346
 973 1 168.71353  35.50225 0.02147
 973 2 168.84137  35.50201 0.02122
 974 1 162.28824  21.67565 0.05432
 974 2 162.27353  21.75620 0.05462
 975 1 162.75439  19.34364 0.04754
 975 2 162.80219  19.36340 0.04781
 976 1 167.49495  34.51090 0.06122
 976 2 167.44290  34.49139 0.06097
 977 1 178.11407  34.89446 0.00735
 977 2 178.36766  34.32241 0.00746
 978 1 243.03955  50.55266 0.04308
 978 2 242.86098  50.57888 0.04271
 979 1 244.02481  50.91547 0.04734
 979 2 243.88692  50.82850 0.04734
 980 1 217.28189  -2.16239 0.05373
 980 2 217.27274  -2.16887 0.05378
 981 1 170.39868  18.45857 0.01820
 981 2 170.41490  18.48486 0.01829
 982 1 169.31694  19.90096 0.03192
 982 2 169.17992  19.99542 0.03208
 983 1 155.58424  61.88781 0.05134
 983 2 155.59003  61.92248 0.05127
 984 1 173.18929  40.84257 0.03084
 984 2 173.26007  40.70868 0.03080
 985 1 166.60622  37.73906 0.02551
 985 2 166.44215  37.61820 0.02504
 986 1 209.72289   8.72738 0.04730
 986 2 209.63203   8.80974 0.04706
 987 1 208.31400   9.22251 0.03783
 987 2 208.38142   9.24111 0.03792
 988 1 245.34665  32.34902 0.03466
 988 2 245.22717  32.23663 0.03493
 989 1 188.16051  28.77497 0.05027
 989 2 188.17415  28.73973 0.05076
 990 1 218.75792  26.54392 0.03081
 990 2 218.76744  26.54088 0.03052
 991 1 184.69508  31.02446 0.03688
 991 2 184.75087  31.02773 0.03656
 992 1 188.18153  29.38138 0.05051
 992 2 188.09074  29.41137 0.05091
 993 1 186.44440  29.95439 0.03733
 993 2 186.51257  30.00470 0.03731
 994 1 186.02437  27.57790 0.03617
 994 2 185.89052  27.64351 0.03594
 995 1 185.07726  27.92037 0.04941
 995 2 185.08075  27.93970 0.04966
 996 1 205.74423  29.38656 0.03411
 996 2 205.67397  29.44392 0.03389
 997 1 206.18782  27.13739 0.03655
 997 2 206.22321  27.10676 0.03656
 998 1  48.44926   0.69436 0.02127
 998 2  48.64255   0.53253 0.02099
 999 1  48.58224   0.80939 0.02900
 999 2  48.61532   0.76089 0.02878
1000 1 244.17152  26.11757 0.04240
1000 2 244.19989  26.12912 0.04198
1001 1 245.16760  25.46285 0.04341
1001 2 245.14337  25.46236 0.04359
1002 1 245.19609  25.99742 0.07205
1002 2 245.18349  25.98213 0.07171
1003 1 246.30855  24.51658 0.06211
1003 2 246.25015  24.48752 0.06179
1004 1 241.38293  28.41615 0.03428
1004 2 241.43665  28.41029 0.03461
1005 1 246.11584  25.18399 0.03903
1005 2 246.13205  25.04430 0.03896
1006 1 242.86189  27.96227 0.05290
1006 2 242.87151  28.02107 0.05283
1007 1 162.18419  26.05365 0.02569
1007 2 162.18074  26.03328 0.02523
1008 1 228.95934  16.58223 0.04359
1008 2 228.84880  16.51606 0.04356
1009 1 165.51024  19.36955 0.05880
1009 2 165.53987  19.37090 0.05888
1010 1 346.10815   1.05578 0.07442
1010 2 346.10880   1.08901 0.07475
1011 1  41.53115  -0.32962 0.07648
1011 2  41.51146  -0.32125 0.07639
1012 1 170.16068  36.21428 0.05198
1012 2 170.15245  36.20957 0.05202
1013 1 145.95477  30.54607 0.02822
1013 2 145.96722  30.63812 0.02870
1014 1 207.64909  28.14959 0.02354
1014 2 207.61024  28.13250 0.02381
1015 1  26.01093  -0.11915 0.07939
1015 2  26.02404  -0.12705 0.07937
1016 1 144.33606  25.89843 0.03308
1016 2 144.48573  25.89064 0.03321
1017 1 142.79002  22.74651 0.05059
1017 2 142.77115  22.65892 0.05080
1018 1 216.72928  48.09989 0.02556
1018 2 216.80095  48.18696 0.02531
1019 1 216.55084  48.56400 0.01292
1019 2 216.31140  48.45758 0.01330
1020 1 199.60742  40.86539 0.04752
1020 2 199.66730  40.83501 0.04776
1021 1 199.44464  41.34061 0.04414
1021 2 199.28960  41.40793 0.04418
1022 1 193.99089   8.60997 0.04703
1022 2 193.96086   8.60924 0.04707
1023 1 190.70496  10.35746 0.02531
1023 2 190.74536  10.22723 0.02505
1024 1 130.49394  57.59193 0.02625
1024 2 130.46974  57.63387 0.02599
1025 1 125.95450  55.36360 0.04294
1025 2 125.95596  55.43967 0.04299
1026 1 128.95647  58.18591 0.04139
1026 2 128.75981  58.19307 0.04158
1027 1  39.54574   0.17783 0.04165
1027 2  39.58240   0.18166 0.04177
1028 1 155.37875  35.01879 0.03456
1028 2 155.46260  35.06932 0.03475
1029 1 153.63507  30.72235 0.04801
1029 2 153.63113  30.74945 0.04765
1030 1 223.59445  28.93968 0.02286
1030 2 223.63719  29.06435 0.02264
1031 1 142.12621  32.46682 0.05224
1031 2 142.16821  32.47986 0.05242
1032 1 247.65819  27.46227 0.05892
1032 2 247.64668  27.48139 0.05870
1033 1 172.41087  35.51465 0.03034
1033 2 172.39104  35.39621 0.03066
1034 1 145.75252  28.82171 0.05149
1034 2 145.74771  28.84695 0.05119
1035 1 125.18169  18.39784 0.03841
1035 2 125.24412  18.39204 0.03887
1036 1 124.54355  15.54176 0.04434
1036 2 124.48450  15.52660 0.04430
1037 1 123.28564  14.73125 0.04444
1037 2 123.35339  14.67025 0.04477
1038 1 209.50613  19.68575 0.01729
1038 2 209.27310  19.54396 0.01727
1039 1 142.62042  16.36202 0.02881
1039 2 142.62434  16.34339 0.02891
1040 1 226.54779  16.65803 0.04696
1040 2 226.55148  16.58669 0.04697
1041 1 176.95724  23.10613 0.06759
1041 2 177.03230  23.07924 0.06762
1042 1 144.02007  23.67295 0.05129
1042 2 144.02293  23.58842 0.05169
1043 1 148.57159  21.66128 0.06150
1043 2 148.47784  21.64989 0.06131
1044 1 146.53105  21.56465 0.06371
1044 2 146.49345  21.56004 0.06399
1045 1 173.41562  22.38960 0.04959
1045 2 173.46458  22.36884 0.04944
1046 1 171.18793  22.87191 0.01929
1046 2 171.50487  22.86794 0.01888
1047 1 208.79697  10.02197 0.03800
1047 2 208.86534  10.16092 0.03771
1048 1 209.14400  10.19120 0.01629
1048 2 209.09756  10.10382 0.01645
1049 1 241.51506  30.65023 0.05934
1049 2 241.45428  30.58796 0.05960
1050 1 242.76471  30.45480 0.06176
1050 2 242.75876  30.52576 0.06215
1051 1 115.30201  42.74940 0.03577
1051 2 115.27944  42.73048 0.03600
1052 1 218.86473  32.14822 0.03432
1052 2 218.78766  32.21640 0.03409
1053 1 167.48669  13.45800 0.03156
1053 2 167.48325  13.47487 0.03137
1054 1 161.53331  13.21992 0.06754
1054 2 161.55251  13.25213 0.06798
1055 1 167.97212  13.82987 0.05125
1055 2 167.96172  13.84669 0.05162
1056 1 173.14540  14.18923 0.01745
1056 2 173.13841  14.20081 0.01770
1057 1 209.59564  14.45739 0.01278
1057 2 209.61232  14.53102 0.01239
1058 1 176.17982  39.61076 0.07984
1058 2 176.18333  39.60899 0.07989
1059 1 222.83031  28.53021 0.04686
1059 2 222.77621  28.58238 0.04652
1060 1 223.38116  26.96921 0.06109
1060 2 223.39619  26.90585 0.06135
1061 1 222.61748  26.09118 0.03091
1061 2 222.61928  26.03115 0.03133
1062 1 226.68680  20.20307 0.05069
1062 2 226.70930  20.24655 0.05060
1063 1 235.13939  17.12796 0.02696
1063 2 235.32233  17.02408 0.02746
1064 1 222.23444  22.14196 0.03227
1064 2 222.19359  22.11605 0.03244
1065 1 222.27490  22.19817 0.02116
1065 2 222.28502  22.10369 0.02143
1066 1 260.26593  63.07579 0.03379
1066 2 260.20145  63.13911 0.03362
1067 1 229.58917  58.11209 0.02958
1067 2 229.78455  58.22032 0.02941
1068 1 227.56604  58.17854 0.03053
1068 2 227.57205  58.17888 0.03073
1069 1 257.92801  34.22087 0.03638
1069 2 257.92706  34.16610 0.03622
1070 1 255.36760  63.69112 0.01619
1070 2 255.10951  63.72799 0.01638
1071 1 235.55026   6.64483 0.02611
1071 2 235.75943   6.62965 0.02592
1072 1 242.22946   5.63519 0.05014
1072 2 242.25223   5.59081 0.04977
1073 1 242.32365   4.04391 0.05517
1073 2 242.40190   4.01148 0.05507
1074 1 242.38371   4.81469 0.06176
1074 2 242.39493   4.79690 0.06167
1075 1 201.94652  51.13753 0.02529
1075 2 201.77373  51.22083 0.02537
1076 1 227.62512  17.76796 0.06249
1076 2 227.62909  17.76627 0.06212
1077 1 229.05141  17.16799 0.03729
1077 2 229.07909  17.20809 0.03728
1078 1 207.80609  23.35999 0.06381
1078 2 207.81378  23.42674 0.06345
1079 1 241.09328  11.22853 0.06879
1079 2 241.08669  11.21862 0.06860
1080 1 239.53323  12.07029 0.01561
1080 2 239.56287  12.11578 0.01587
1081 1 233.96875  14.51773 0.01946
1081 2 233.96172  14.50997 0.01940
1082 1 234.78276  14.02307 0.03842
1082 2 234.76881  13.96722 0.03812
1083 1 245.45900  13.72868 0.03371
1083 2 245.58951  13.85383 0.03369
1084 1 248.24088  12.57772 0.05248
1084 2 248.12793  12.60886 0.05207
1085 1 243.81584  14.82538 0.04643
1085 2 243.80283  14.90409 0.04659
1086 1 158.11737  27.17061 0.04025
1086 2 158.02142  27.06728 0.04068
1087 1 173.08040  34.95277 0.02131
1087 2 172.77548  35.05852 0.02132
1088 1 201.58667  31.69997 0.04997
1088 2 201.60530  31.66688 0.04983
1089 1 242.24219  19.82374 0.03424
1089 2 242.23558  19.90001 0.03413
1090 1 244.87390  18.48032 0.04539
1090 2 244.87340  18.46440 0.04515
1091 1 219.74287  47.30791 0.02703
1091 2 219.43846  47.31493 0.02698
1092 1 201.54507  40.06695 0.01716
1092 2 201.57784  40.06780 0.01690
1093 1 143.13060  17.69245 0.04849
1093 2 143.16866  17.76394 0.04843
1094 1 207.80913  17.63000 0.05789
1094 2 207.78064  17.61082 0.05795
1095 1 229.50035  13.52652 0.02493
1095 2 229.61650  13.48928 0.02488
1096 1 207.31700  18.41199 0.03352
1096 2 207.34125  18.36427 0.03392
1097 1 210.65968  18.52311 0.02352
1097 2 210.61607  18.50604 0.02342
1098 1 210.87387  19.21019 0.05239
1098 2 210.91551  19.20061 0.05207
1099 1 207.76753  19.43558 0.06259
1099 2 207.76700  19.43022 0.06242
1100 1 160.12109  28.88613 0.04817
1100 2 160.01408  28.84348 0.04802
1101 1 178.15839  24.30758 0.01645
1101 2 177.81863  24.32946 0.01674
1102 1 179.38029  21.22567 0.01355
1102 2 179.53072  20.83846 0.01360
1103 1   9.12186  -0.72856 0.03409
1103 2   9.23614  -0.65013 0.03417
1104 1 168.56483  38.39102 0.03841
1104 2 168.42177  38.45741 0.03860
1105 1 157.69373  36.95464 0.03853
1105 2 157.82434  37.01419 0.03854
1106 1 168.50960  36.69494 0.03470
1106 2 168.46259  36.69553 0.03457
1107 1 130.71176  24.09259 0.04278
1107 2 130.64902  24.20871 0.04225
1108 1 132.65901  24.59261 0.04439
1108 2 132.62718  24.59227 0.04460
1109 1 135.10054  25.61475 0.00610
1109 2 134.50259  25.69789 0.00633
1110 1 205.54738  29.89564 0.02724
1110 2 205.36575  29.95662 0.02710
1111 1 176.34483  18.65618 0.02728
1111 2 176.37086  18.56346 0.02685
1112 1 225.44171  15.11317 0.03465
1112 2 225.34015  15.24991 0.03515
1113 1 225.15359  16.17231 0.03758
1113 2 225.10071  16.02187 0.03758
1114 1 222.32196  14.96884 0.03831
1114 2 222.33939  14.97449 0.03870
1115 1 175.59254  16.09477 0.05400
1115 2 175.58650  16.13328 0.05375
1116 1 203.29605  30.44947 0.03848
1116 2 203.20935  30.35741 0.03864
1117 1 242.27225  18.37419 0.07259
1117 2 242.24251  18.45095 0.07275
1118 1 241.85721  19.54963 0.02602
1118 2 241.70677  19.62671 0.02600
1119 1 127.63200  18.20610 0.02689
1119 2 127.63067  18.20208 0.02713
1120 1 129.54401  18.69179 0.01954
1120 2 129.50638  18.72011 0.01959
1121 1 128.05975  19.62222 0.02897
1121 2 128.00145  19.56645 0.02899
1122 1 206.90459  17.56780 0.04496
1122 2 206.90166  17.56796 0.04473
1123 1 189.90627  16.58852 0.02603
1123 2 189.89940  16.58782 0.02599
1124 1 131.75787  10.01850 0.04770
1124 2 131.81491  10.03843 0.04746
1125 1 174.86717  -2.69470 0.04278
1125 2 174.99905  -2.69910 0.04293
1126 1 175.75513  -2.21456 0.05938
1126 2 175.78993  -2.18982 0.05970
1127 1 213.44142  34.03782 0.03364
1127 2 213.29466  33.97476 0.03377
1128 1 217.19640  33.38772 0.04244
1128 2 217.31203  33.37075 0.04264
1129 1 214.56226  34.44996 0.02827
1129 2 214.56326  34.44927 0.02836
1130 1 215.30455  29.99351 0.03021
1130 2 215.30542  29.97754 0.03067
1131 1 213.77608  29.59910 0.05305
1131 2 213.83966  29.57624 0.05309
1132 1 198.97581  20.70315 0.06319
1132 2 198.92502  20.70554 0.06309
1133 1 197.04349  18.38170 0.06227
1133 2 197.02675  18.42791 0.06247
1134 1 197.61446  18.43817 0.01245
1134 2 197.57893  18.42371 0.01204
1135 1 225.22478  19.92299 0.04123
1135 2 225.35114  19.98471 0.04142
1136 1 226.84196  19.44720 0.06496
1136 2 226.83884  19.43471 0.06526
1137 1 188.84988  29.49208 0.01524
1137 2 188.40913  29.45065 0.01514
1138 1 190.70932  29.82019 0.06188
1138 2 190.72281  29.83508 0.06178
1139 1 250.95236  24.24235 0.03507
1139 2 251.12695  24.27341 0.03515
1140 1 245.51640  31.54758 0.05796
1140 2 245.52289  31.55135 0.05835
1141 1 115.02190  43.90065 0.04211
1141 2 115.10531  43.98899 0.04225
1142 1 115.82989  45.17016 0.04252
1142 2 115.75713  45.12077 0.04305
1143 1 142.35747  30.99472 0.04227
1143 2 142.36789  31.06572 0.04245
1144 1 130.84775  22.79026 0.03858
1144 2 130.89742  22.85541 0.03856
1145 1 192.94223  34.97746 0.03316
1145 2 192.81908  35.11345 0.03338
1146 1 195.07494  34.94403 0.02694
1146 2 195.06625  34.81350 0.02697
1147 1 195.73593  35.66828 0.03708
1147 2 195.73997  35.66516 0.03678
1148 1 197.90311  31.50806 0.02311
1148 2 197.76157  31.40406 0.02363
1149 1 197.58012  32.02340 0.06087
1149 2 197.61008  31.98959 0.06068
1150 1 232.07515  15.38505 0.03555
1150 2 232.03455  15.50666 0.03507
1151 1 208.31961  21.26917 0.06493
1151 2 208.35072  21.20904 0.06510
1152 1 178.97978  24.63333 0.05135
1152 2 178.96899  24.65083 0.05175
1153 1 179.17453  24.62847 0.07353
1153 2 179.19731  24.64156 0.07341
1154 1 178.65288  20.17464 0.04590
1154 2 178.62589  20.27124 0.04594
1155 1 178.18385  18.61419 0.02628
1155 2 178.06042  18.65106 0.02607
1156 1 229.54843  14.59937 0.02270
1156 2 229.54402  14.44789 0.02281
1157 1 166.68068  31.74123 0.02791
1157 2 166.45801  31.76565 0.02790
1158 1 199.34142  32.58716 0.06123
1158 2 199.32741  32.67657 0.06141
1159 1 167.12849  31.17382 0.03480
1159 2 167.07500  31.19112 0.03513
1160 1 246.83195  15.99786 0.02879
1160 2 246.88011  15.88617 0.02901
1161 1 120.47209  18.11540 0.05775
1161 2 120.48395  18.11323 0.05779
1162 1 131.12511  11.18268 0.02967
1162 2 131.14929  11.20381 0.02995
1163 1 131.65784  11.43215 0.02979
1163 2 131.84924  11.36525 0.02990
1164 1 125.43201  16.21156 0.02822
1164 2 125.33575  16.30102 0.02846
1165 1 129.70853  18.90596 0.07003
1165 2 129.69400  18.97821 0.07026
1166 1 126.10866  14.93522 0.06707
1166 2 126.03748  14.96097 0.06661
1167 1 135.74780  17.21177 0.04879
1167 2 135.65904  17.27940 0.04877
1168 1 137.74272  15.84615 0.07860
1168 2 137.76678  15.85069 0.07867
1169 1 175.63225  17.78432 0.03476
1169 2 175.61050  17.76082 0.03443
1170 1 244.80167  16.48283 0.03445
1170 2 244.84381  16.44061 0.03440
1171 1 162.48753   9.06655 0.03348
1171 2 162.50572   9.07183 0.03357
1172 1 153.64012  29.31855 0.02166
1172 2 153.67271  29.28571 0.02130
1173 1 155.49084  24.65520 0.04022
1173 2 155.49352  24.68603 0.03992
1174 1 185.22928  33.29712 0.06037
1174 2 185.22548  33.35091 0.06004
1175 1 185.06548  33.66081 0.02159
1175 2 184.94499  33.70699 0.02153
1176 1 245.85675  40.20239 0.07375
1176 2 245.90050  40.19029 0.07382
1177 1 244.78311  40.50676 0.03317
1177 2 244.80064  40.68617 0.03316
1178 1 189.03226  26.67809 0.04966
1178 2 189.04518  26.69612 0.04918
1179 1 188.28746  27.09438 0.03336
1179 2 188.18475  27.04965 0.03365
1180 1 191.83961  28.00622 0.03208
1180 2 191.87782  27.95653 0.03183
1181 1 232.67537  14.69330 0.07302
1181 2 232.69347  14.70906 0.07317
1182 1 143.47122  30.40402 0.02690
1182 2 143.38458  30.22857 0.02682
1183 1 126.88367  36.14544 0.02908
1183 2 126.74384  36.19361 0.02854
1184 1 226.65237  27.04394 0.07859
1184 2 226.62445  27.06071 0.07818
1185 1 141.39069  27.34746 0.04839
1185 2 141.33304  27.25093 0.04809
1186 1 227.71164  25.00747 0.04555
1186 2 227.72096  25.01446 0.04506
1187 1 244.01627  15.23897 0.04794
1187 2 244.01025  15.24699 0.04844
1188 1 240.23268  16.29990 0.05385
1188 2 240.24065  16.28320 0.05405
1189 1 209.83417  14.96819 0.04113
1189 2 209.80193  14.89344 0.04127
1190 1 210.80225  15.37396 0.06015
1190 2 210.74669  15.32202 0.05981
1191 1 136.82393  16.73839 0.05225
1191 2 136.83566  16.66913 0.05243
1192 1 137.34865  22.51393 0.01489
1192 2 137.23056  22.81295 0.01491
1193 1 133.16833  21.42239 0.02567
1193 2 133.20114  21.39760 0.02528
1194 1 133.47017  21.97757 0.02756
1194 2 133.68877  22.03277 0.02765
1195 1 134.19991  22.71102 0.04039
1195 2 134.30817  22.73776 0.03995
1196 1 134.97694  20.59993 0.02502
1196 2 134.94685  20.59527 0.02514
1197 1 133.14920  17.10973 0.05299
1197 2 133.19653  17.09718 0.05303
1198 1 125.56770  11.34115 0.04501
1198 2 125.58215  11.34583 0.04481
1199 1 231.59535  17.40525 0.04337
1199 2 231.63647  17.27554 0.04291
1200 1 227.14603  13.67052 0.02879
1200 2 227.14024  13.67552 0.02874
1201 1 203.31061  17.12404 0.02366
1201 2 203.25070  17.16360 0.02383
1202 1 197.55150  16.93567 0.01199
1202 2 197.47467  17.16500 0.01197
1203 1 188.76659  21.98317 0.04554
1203 2 188.66673  22.03125 0.04582
1204 1 187.96783  23.63419 0.04799
1204 2 187.95798  23.65051 0.04831
1205 1 186.74780  22.63958 0.02276
1205 2 186.94717  22.56213 0.02255
1206 1 167.21617  23.29635 0.06788
1206 2 167.16733  23.29828 0.06753
1207 1 146.23792  16.70745 0.01987
1207 2 146.32382  16.71820 0.02017
1208 1 128.78770  12.61130 0.04641
1208 2 128.77242  12.58555 0.04669
1209 1 150.72197  16.44913 0.02644
1209 2 150.68236  16.46219 0.02645
1210 1 131.50516  12.78673 0.02988
1210 2 131.48022  12.78122 0.03010
1211 1 228.59213  22.90849 0.02110
1211 2 228.86546  22.83740 0.02108
1212 1 227.47021  20.40083 0.06352
1212 2 227.41879  20.41441 0.06374
1213 1 228.00938  21.29817 0.01588
1213 2 227.81148  21.45107 0.01569
1214 1 224.30484  18.86086 0.04471
1214 2 224.32475  18.77983 0.04513
1215 1 245.79712  16.93260 0.03460
1215 2 245.81891  16.87383 0.03488
1216 1  44.11304   0.87574 0.02289
1216 2  44.10511   0.92198 0.02335
1217 1 231.46924  54.37165 0.03943
1217 2 231.45451  54.35560 0.03991
1218 1 214.36496  -2.82241 0.05553
1218 2 214.36053  -2.87270 0.05546
1219 1 196.33348  17.92299 0.05180
1219 2 196.39590  17.87977 0.05141
1220 1 124.46933  12.89799 0.03223
1220 2 124.30983  12.99119 0.03229
1221 1 161.73532  22.72960 0.05273
1221 2 161.77748  22.69295 0.05235
1222 1 201.52844  21.93940 0.02830
1222 2 201.37428  22.01689 0.02828
1223 1 203.56062  22.18276 0.04946
1223 2 203.56149  22.20090 0.04910
1224 1 148.83577  14.42675 0.04298
1224 2 148.89275  14.35903 0.04332
1225 1 180.40849   6.21256 0.03628
1225 2 180.55576   6.28311 0.03634
1226 1 148.91402  13.85105 0.06360
1226 2 148.90663  13.93459 0.06355
1227 1 226.71057  17.03242 0.04656
1227 2 226.81084  17.00025 0.04667
1228 1 218.24088  19.80906 0.04650
1228 2 218.28273  19.81996 0.04703
1229 1 225.32542  16.77795 0.04983
1229 2 225.30206  16.86990 0.05024
1230 1 168.84926  18.75729 0.05187
1230 2 168.84892  18.74717 0.05239
1231 1 198.89648  20.66674 0.06126
1231 2 198.91830  20.63648 0.06117
1232 1 166.07742  16.64533 0.04620
1232 2 166.07162  16.60554 0.04607
1233 1 254.52798  39.31961 0.02915
1233 2 254.38921  39.24614 0.02927
1234 1 128.95561  43.56456 0.05503
1234 2 128.89162  43.48632 0.05517
1235 1 127.69316  42.90799 0.05586
1235 2 127.71611  42.92910 0.05599
1236 1 114.40468  41.94703 0.01968
1236 2 114.37421  41.93060 0.01935
1237 1 175.38493  19.06367 0.06194
1237 2 175.47130  19.03132 0.06228
1238 1 174.78214  19.36329 0.03648
1238 2 174.71979  19.28843 0.03664
1239 1 175.53430  20.70071 0.03861
1239 2 175.51100  20.57704 0.03834
1240 1 173.87210  17.21919 0.03658
1240 2 173.88914  17.26504 0.03638
